head -n 2 manage.py | tail -n 1
celery -A diplom_web worker -l info -E
os.popen(command).read()
python3 manage.py runserver
-cacheFile 'hdfs://localhost:9000/test/l1.txt#FileA'
(522, 531)
(542, 533)
hdfs dfs -cat hdfs://localhost:9000/tff/part-00000 | head -234 | tail -1

seed = 42
sklearn
Recall:70.84942084942085
Precision:72.28341987680258
!sklearn
Recall:68.46846846846847
Precision:76.78885006900641
tree = {'index': 1121, 'value': 0.1, 'pred': [[418, 649, 644, 656, 660], [118, 2, 1, 3, 4]], 'info': [3027, 128, [1488, 1539, 57, 71]], 'left': {'index': 1579, 'value': 0.1, 'pred': [[417, 628, 498, 648, 660], [1, 21, 146, 8, 0]], 'info': [2851, 176, [1405, 1446, 83, 93]], 'left': {'index': 134, 'value': 0.1, 'pred': [[416, 626, 404, 645, 659], [1, 2, 94, 3, 1]], 'info': [2750, 101, [1366, 1384, 39, 62]], 'left': {'index': 1134, 'value': 0.1, 'pred': [[416, 530, 402, 643, 659], [0, 96, 2, 2, 0]], 'info': [2650, 100, [1321, 1329, 45, 55]], 'left': {'index': 1440, 'value': 0.1, 'pred': [[342, 530, 402, 640, 659], [74, 0, 0, 3, 0]], 'info': [2573, 77, [1299, 1274, 22, 55]], 'left': {'index': 997, 'value': 0.1, 'pred': [[338, 432, 398, 631, 657], [4, 98, 4, 9, 2]], 'info': [2456, 117, [1235, 1221, 64, 53]], 'left': {'index': 781, 'value': 0.1, 'pred': [[338, 432, 398, 631, 588], [0, 0, 0, 0, 69]], 'info': [2387, 69, [1203, 1184, 32, 37]], 'left': {'index': 187, 'value': 0.1, 'pred': [[289, 432, 398, 631, 588], [49, 0, 0, 0, 0]], 'info': [2338, 49, [1175, 1163, 28, 21]], 'left': {'index': 447, 'value': 0.1, 'pred': [[289, 432, 397, 570, 588], [0, 0, 1, 61, 0]], 'info': [2276, 62, [1150, 1126, 25, 37]], 'left': {'index': 808, 'value': 0.1, 'pred': [[289, 431, 331, 549, 588], [0, 1, 66, 21, 0]], 'info': [2188, 88, [1105, 1083, 45, 43]], 'left': {'index': 226, 'value': 0.1, 'pred': [[289, 431, 331, 549, 533], [0, 0, 0, 0, 55]], 'info': [2133, 55, [1095, 1038, 10, 45]], 'left': {'index': 1732, 'value': 0.1, 'pred': [[289, 427, 280, 542, 532], [0, 4, 51, 7, 1]], 'info': [2070, 63, [1050, 1020, 45, 18]], 'left': {'index': 1277, 'value': 0.1, 'pred': [[286, 370, 280, 536, 528], [3, 57, 0, 6, 4]], 'info': [2000, 70, [1009, 991, 41, 29]], 'left': {'index': 1389, 'value': 0.1, 'pred': [[251, 370, 280, 536, 528], [35, 0, 0, 0, 0]], 'info': [1965, 35, [995, 970, 14, 21]], 'left': {'index': 1736, 'value': 0.1, 'pred': [[219, 370, 280, 536, 528], [32, 0, 0, 0, 0]], 'info': [1933, 32, [977, 956, 18, 14]], 'left': {'index': 1034, 'value': 0.1, 'pred': [[217, 370, 279, 530, 475], [2, 0, 1, 6, 53]], 'info': [1871, 62, [952, 919, 25, 37]], 'left': {'index': 1948, 'value': 0.1, 'pred': [[216, 370, 279, 530, 438], [1, 0, 0, 0, 37]], 'info': [1833, 38, [934, 899, 18, 20]], 'left': {'index': 1136, 'value': 0.1, 'pred': [[216, 335, 277, 528, 438], [0, 35, 2, 2, 0]], 'info': [1794, 39, [920, 874, 14, 25]], 'left': {'index': 2267, 'value': 0.1, 'pred': [[192, 335, 277, 527, 438], [24, 0, 0, 1, 0]], 'info': [1769, 25, [907, 862, 13, 12]], 'left': {'index': 1998, 'value': 0.1, 'pred': [[192, 335, 277, 527, 408], [0, 0, 0, 0, 30]], 'info': [1739, 30, [887, 852, 20, 10]], 'left': {'index': 402, 'value': 0.1, 'pred': [[192, 332, 250, 527, 408], [0, 3, 27, 0, 0]], 'info': [1709, 30, [873, 836, 14, 16]], 'left': {'index': 2044, 'value': 0.1, 'pred': [[192, 307, 250, 527, 408], [0, 25, 0, 0, 0]], 'info': [1684, 25, [866, 818, 7, 18]], 'left': {'index': 2071, 'value': 0.1, 'pred': [[192, 307, 229, 527, 408], [0, 0, 21, 0, 0]], 'info': [1663, 21, [854, 809, 12, 9]], 'left': {'index': 235, 'value': 0.1, 'pred': [[192, 307, 225, 486, 407], [0, 0, 4, 41, 1]], 'info': [1617, 46, [824, 793, 30, 16]], 'left': {'index': 2493, 'value': 0.1, 'pred': [[192, 306, 203, 486, 407], [0, 1, 22, 0, 0]], 'info': [1594, 23, [812, 782, 12, 11]], 'left': {'index': 155, 'value': 0.1, 'pred': [[172, 305, 203, 486, 407], [20, 1, 0, 0, 0]], 'info': [1573, 21, [800, 773, 12, 9]], 'left': {'index': 1658, 'value': 0.1, 'pred': [[172, 304, 203, 485, 378], [0, 1, 0, 1, 29]], 'info': [1542, 31, [781, 761, 19, 12]], 'left': {'index': 811, 'value': 0.1, 'pred': [[172, 304, 202, 485, 353], [0, 0, 1, 0, 25]], 'info': [1516, 26, [767, 749, 14, 12]], 'left': {'index': 1407, 'value': 0.1, 'pred': [[156, 304, 202, 485, 353], [16, 0, 0, 0, 0]], 'info': [1500, 16, [757, 743, 10, 6]], 'left': {'index': 760, 'value': 0.1, 'pred': [[154, 303, 202, 485, 330], [2, 1, 0, 0, 23]], 'info': [1474, 26, [746, 728, 11, 15]], 'left': {'index': 2070, 'value': 0.1, 'pred': [[154, 302, 193, 444, 327], [0, 1, 9, 41, 3]], 'info': [1420, 54, [727, 693, 19, 35]], 'left': {'index': 719, 'value': 0.1, 'pred': [[154, 302, 193, 419, 327], [0, 0, 0, 25, 0]], 'info': [1395, 25, [718, 677, 9, 16]], 'left': {'index': 591, 'value': 0.2, 'pred': [[151, 301, 192, 390, 327], [3, 1, 1, 29, 0]], 'info': [1361, 34, [695, 666, 23, 11]], 'left': {'index': 432, 'value': 0.1, 'pred': [[151, 298, 176, 353, 326], [0, 3, 16, 37, 1]], 'info': [1304, 57, [668, 636, 27, 30]], 'left': {'index': 1995, 'value': 0.1, 'pred': [[151, 290, 170, 314, 323], [0, 8, 6, 39, 3]], 'info': [1248, 56, [638, 610, 30, 26]], 'left': {'index': 97, 'value': 0.1, 'pred': [[151, 290, 170, 293, 322], [0, 0, 0, 21, 1]], 'info': [1226, 22, [629, 597, 9, 13]], 'left': {'index': 113, 'value': 0.1, 'pred': [[151, 274, 170, 293, 322], [0, 16, 0, 0, 0]], 'info': [1210, 16, [624, 586, 5, 11]], 'left': {'index': 2515, 'value': 0.1, 'pred': [[151, 274, 170, 277, 322], [0, 0, 0, 16, 0]], 'info': [1194, 16, [608, 586, 16, 0]], 'left': {'index': 1161, 'value': 0.1, 'pred': [[139, 274, 170, 277, 322], [12, 0, 0, 0, 0]], 'info': [1182, 12, [596, 586, 12, 0]], 'left': {'index': 2488, 'value': 0.1, 'pred': [[139, 274, 170, 277, 305], [0, 0, 0, 0, 17]], 'info': [1165, 17, [586, 579, 10, 7]], 'left': {'index': 2799, 'value': 0.1, 'pred': [[138, 273, 170, 258, 304], [1, 1, 0, 19, 1]], 'info': [1143, 22, [577, 566, 9, 13]], 'left': {'index': 1270, 'value': 0.1, 'pred': [[138, 273, 158, 258, 304], [0, 0, 12, 0, 0]], 'info': [1131, 12, [571, 560, 6, 6]], 'left': {'index': 1146, 'value': 0.1, 'pred': [[127, 273, 158, 258, 304], [11, 0, 0, 0, 0]], 'info': [1120, 11, [565, 555, 6, 5]], 'left': {'index': 288, 'value': 0.1, 'pred': [[127, 273, 155, 240, 303], [0, 0, 3, 18, 1]], 'info': [1098, 22, [551, 547, 14, 8]], 'left': {'index': 2009, 'value': 0.1, 'pred': [[127, 273, 155, 225, 302], [0, 0, 0, 15, 1]], 'info': [1082, 16, [544, 538, 7, 9]], 'left': {'index': 2399, 'value': 0.1, 'pred': [[127, 273, 144, 225, 302], [0, 0, 11, 0, 0]], 'info': [1071, 11, [536, 535, 8, 3]], 'left': {'index': 78, 'value': 0.1, 'pred': [[124, 256, 144, 225, 302], [3, 17, 0, 0, 0]], 'info': [1051, 20, [527, 524, 9, 11]], 'left': {'index': 242, 'value': 0.1, 'pred': [[114, 256, 144, 225, 302], [10, 0, 0, 0, 0]], 'info': [1041, 10, [523, 518, 4, 6]], 'left': {'index': 2463, 'value': 0.1, 'pred': [[114, 255, 143, 211, 302], [0, 1, 1, 14, 0]], 'info': [1025, 16, [514, 511, 9, 7]], 'left': {'index': 1635, 'value': 0.1, 'pred': [[105, 255, 143, 211, 302], [9, 0, 0, 0, 0]], 'info': [1016, 9, [509, 507, 5, 4]], 'left': {'index': 1313, 'value': 0.1, 'pred': [[105, 255, 143, 211, 288], [0, 0, 0, 0, 14]], 'info': [1002, 14, [499, 503, 10, 4]], 'left': {'index': 295, 'value': 0.1, 'pred': [[103, 253, 143, 211, 269], [2, 2, 0, 0, 19]], 'info': [979, 23, [486, 493, 13, 10]], 'left': {'index': 2437, 'value': 0.1, 'pred': [[99, 253, 143, 211, 252], [4, 0, 0, 0, 17]], 'info': [958, 21, [469, 489, 17, 4]], 'left': 1, 'right': 4}, 'right': {'index': 650, 'value': 0.1, 'pred': [[0, 2, 0, 0, 19], [2, 0, 0, 0, 0]], 'info': [21, 2, [13, 8, 0, 2]], 'left': 4, 'right': 0}}, 'right': 4}, 'right': 0}, 'right': {'index': 1831, 'value': 0.1, 'pred': [[0, 0, 0, 14, 0], [0, 1, 1, 0, 0]], 'info': [14, 2, [8, 6, 1, 1]], 'left': 3, 'right': 1}}, 'right': 0}, 'right': {'index': 310, 'value': 0.1, 'pred': [[1, 17, 0, 0, 0], [2, 0, 0, 0, 0]], 'info': [18, 2, [7, 11, 2, 0]], 'left': {'index': 3, 'value': 0.1, 'pred': [[0, 17, 0, 0, 0], [1, 0, 0, 0, 0]], 'info': [17, 1, [6, 11, 1, 0]], 'left': 1, 'right': 0}, 'right': 0}}, 'right': 2}, 'right': {'index': 69, 'value': 0.1, 'pred': [[0, 0, 0, 15, 0], [0, 0, 0, 0, 1]], 'info': [15, 1, [6, 9, 1, 0]], 'left': 3, 'right': 4}}, 'right': {'index': 849, 'value': 0.1, 'pred': [[0, 0, 1, 18, 1], [0, 0, 2, 0, 0]], 'info': [20, 2, [14, 6, 0, 2]], 'left': {'index': 37, 'value': 0.1, 'pred': [[0, 0, 0, 18, 1], [0, 0, 1, 0, 0]], 'info': [19, 1, [14, 5, 0, 1]], 'left': {'index': 191, 'value': 0.1, 'pred': [[0, 0, 0, 18, 0], [0, 0, 0, 0, 1]], 'info': [18, 1, [13, 5, 1, 0]], 'left': 3, 'right': 4}, 'right': 2}, 'right': 2}}, 'right': 0}, 'right': 2}, 'right': {'index': 64, 'value': 0.1, 'pred': [[1, 0, 0, 19, 0], [0, 1, 0, 0, 1]], 'info': [20, 2, [8, 12, 1, 1]], 'left': {'index': 72, 'value': 0.1, 'pred': [[0, 0, 0, 19, 0], [1, 0, 0, 0, 0]], 'info': [19, 1, [7, 12, 1, 0]], 'left': 3, 'right': 0}, 'right': 1}}, 'right': 4}, 'right': 0}, 'right': 3}, 'right': 1}, 'right': {'index': 295, 'value': 0.1, 'pred': [[0, 0, 0, 21, 0], [0, 0, 0, 0, 1]], 'info': [21, 1, [8, 13, 1, 0]], 'left': 3, 'right': 4}}, 'right': {'index': 207, 'value': 0.1, 'pred': [[0, 5, 6, 39, 3], [0, 3, 0, 0, 0]], 'info': [53, 3, [28, 25, 2, 1]], 'left': {'index': 856, 'value': 0.1, 'pred': [[0, 3, 6, 39, 2], [0, 2, 0, 0, 1]], 'info': [50, 3, [27, 23, 1, 2]], 'left': {'index': 189, 'value': 0.3, 'pred': [[0, 3, 6, 39, 0], [0, 0, 0, 0, 2]], 'info': [48, 2, [27, 21, 0, 2]], 'left': {'index': 1266, 'value': 0.1, 'pred': [[0, 3, 4, 39, 0], [0, 0, 2, 0, 0]], 'info': [46, 2, [25, 21, 2, 0]], 'left': {'index': 2231, 'value': 0.1, 'pred': [[0, 3, 2, 39, 0], [0, 0, 2, 0, 0]], 'info': [44, 2, [23, 21, 2, 0]], 'left': {'index': 1951, 'value': 0.1, 'pred': [[0, 1, 2, 38, 0], [0, 2, 0, 1, 0]], 'info': [41, 3, [21, 20, 2, 1]], 'left': {'index': 473, 'value': 0.1, 'pred': [[0, 0, 2, 38, 0], [0, 1, 0, 0, 0]], 'info': [40, 1, [21, 19, 0, 1]], 'left': {'index': 18, 'value': 0.1, 'pred': [[0, 0, 1, 38, 0], [0, 0, 1, 0, 0]], 'info': [39, 1, [20, 19, 1, 0]], 'left': {'index': 868, 'value': 0.1, 'pred': [[0, 0, 0, 38, 0], [0, 0, 1, 0, 0]], 'info': [38, 1, [19, 19, 1, 0]], 'left': 3, 'right': 2}, 'right': 2}, 'right': 1}, 'right': 1}, 'right': 2}, 'right': 2}, 'right': 4}, 'right': 1}, 'right': 1}}, 'right': {'index': 2473, 'value': 0.2, 'pred': [[0, 3, 10, 37, 1], [0, 0, 6, 0, 0]], 'info': [51, 6, [24, 27, 3, 3]], 'left': {'index': 317, 'value': 0.1, 'pred': [[0, 3, 7, 37, 1], [0, 0, 3, 0, 0]], 'info': [48, 3, [22, 26, 2, 1]], 'left': {'index': 1301, 'value': 0.1, 'pred': [[0, 1, 7, 37, 1], [0, 2, 0, 0, 0]], 'info': [46, 2, [21, 25, 1, 1]], 'left': {'index': 478, 'value': 0.1, 'pred': [[0, 1, 4, 36, 1], [0, 0, 3, 1, 0]], 'info': [42, 4, [19, 23, 2, 2]], 'left': {'index': 1214, 'value': 0.1, 'pred': [[0, 1, 2, 36, 1], [0, 0, 2, 0, 0]], 'info': [40, 2, [18, 22, 1, 1]], 'left': {'index': 370, 'value': 0.1, 'pred': [[0, 0, 2, 36, 1], [0, 1, 0, 0, 0]], 'info': [39, 1, [18, 21, 0, 1]], 'left': {'index': 89, 'value': 0.1, 'pred': [[0, 0, 2, 36, 0], [0, 0, 0, 0, 1]], 'info': [38, 1, [18, 20, 0, 1]], 'left': {'index': 290, 'value': 0.1, 'pred': [[0, 0, 1, 36, 0], [0, 0, 1, 0, 0]], 'info': [37, 1, [18, 19, 0, 1]], 'left': {'index': 458, 'value': 0.1, 'pred': [[0, 0, 0, 36, 0], [0, 0, 1, 0, 0]], 'info': [36, 1, [18, 18, 0, 1]], 'left': 3, 'right': 2}, 'right': 2}, 'right': 4}, 'right': 1}, 'right': 2}, 'right': 2}, 'right': 1}, 'right': 2}, 'right': 2}}, 'right': {'index': 202, 'value': 0.1, 'pred': [[1, 1, 1, 29, 0], [2, 0, 0, 0, 0]], 'info': [32, 2, [22, 10, 1, 1]], 'left': {'index': 15, 'value': 0.1, 'pred': [[1, 1, 0, 29, 0], [0, 0, 1, 0, 0]], 'info': [31, 1, [22, 9, 0, 1]], 'left': {'index': 103, 'value': 0.1, 'pred': [[0, 1, 0, 29, 0], [1, 0, 0, 0, 0]], 'info': [30, 1, [22, 8, 0, 1]], 'left': {'index': 429, 'value': 0.1, 'pred': [[0, 0, 0, 29, 0], [0, 1, 0, 0, 0]], 'info': [29, 1, [22, 7, 0, 1]], 'left': 3, 'right': 1}, 'right': 0}, 'right': 2}, 'right': 0}}, 'right': 3}, 'right': {'index': 291, 'value': 0.1, 'pred': [[0, 1, 6, 41, 3], [0, 0, 3, 0, 0]], 'info': [51, 3, [19, 32, 0, 3]], 'left': {'index': 276, 'value': 0.1, 'pred': [[0, 1, 4, 41, 1], [0, 0, 2, 0, 2]], 'info': [47, 4, [15, 32, 4, 0]], 'left': {'index': 2949, 'value': 0.1, 'pred': [[0, 1, 3, 41, 0], [0, 0, 1, 0, 1]], 'info': [45, 2, [14, 31, 1, 1]], 'left': {'index': 105, 'value': 0.1, 'pred': [[0, 0, 3, 41, 0], [0, 1, 0, 0, 0]], 'info': [44, 1, [13, 31, 1, 0]], 'left': {'index': 39, 'value': 0.1, 'pred': [[0, 0, 2, 41, 0], [0, 0, 1, 0, 0]], 'info': [43, 1, [13, 30, 0, 1]], 'left': {'index': 52, 'value': 0.1, 'pred': [[0, 0, 1, 41, 0], [0, 0, 1, 0, 0]], 'info': [42, 1, [13, 29, 0, 1]], 'left': {'index': 209, 'value': 0.1, 'pred': [[0, 0, 0, 41, 0], [0, 0, 1, 0, 0]], 'info': [41, 1, [12, 29, 1, 0]], 'left': 3, 'right': 2}, 'right': 2}, 'right': 2}, 'right': 1}, 'right': 2}, 'right': 2}, 'right': 2}}, 'right': {'index': 201, 'value': 0.1, 'pred': [[2, 0, 0, 0, 23], [0, 1, 0, 0, 0]], 'info': [25, 1, [11, 14, 0, 1]], 'left': {'index': 1, 'value': 0.1, 'pred': [[1, 0, 0, 0, 23], [1, 0, 0, 0, 0]], 'info': [24, 1, [10, 14, 1, 0]], 'left': {'index': 93, 'value': 0.1, 'pred': [[0, 0, 0, 0, 23], [1, 0, 0, 0, 0]], 'info': [23, 1, [10, 13, 0, 1]], 'left': 4, 'right': 0}, 'right': 0}, 'right': 1}}, 'right': 0}, 'right': {'index': 37, 'value': 0.1, 'pred': [[0, 0, 0, 0, 25], [0, 0, 1, 0, 0]], 'info': [25, 1, [14, 11, 0, 1]], 'left': 4, 'right': 2}}, 'right': {'index': 217, 'value': 0.1, 'pred': [[0, 0, 0, 1, 29], [0, 1, 0, 0, 0]], 'info': [30, 1, [19, 11, 0, 1]], 'left': {'index': 368, 'value': 0.1, 'pred': [[0, 0, 0, 0, 29], [0, 0, 0, 1, 0]], 'info': [29, 1, [19, 10, 0, 1]], 'left': 4, 'right': 3}, 'right': 1}}, 'right': {'index': 354, 'value': 0.1, 'pred': [[20, 0, 0, 0, 0], [0, 1, 0, 0, 0]], 'info': [20, 1, [11, 9, 1, 0]], 'left': 0, 'right': 1}}, 'right': {'index': 273, 'value': 0.1, 'pred': [[0, 0, 22, 0, 0], [0, 1, 0, 0, 0]], 'info': [22, 1, [12, 10, 0, 1]], 'left': 2, 'right': 1}}, 'right': {'index': 614, 'value': 0.1, 'pred': [[0, 0, 2, 41, 1], [0, 0, 2, 0, 0]], 'info': [44, 2, [30, 14, 0, 2]], 'left': {'index': 83, 'value': 0.1, 'pred': [[0, 0, 2, 41, 0], [0, 0, 0, 0, 1]], 'info': [43, 1, [30, 13, 0, 1]], 'left': {'index': 291, 'value': 0.1, 'pred': [[0, 0, 1, 41, 0], [0, 0, 1, 0, 0]], 'info': [42, 1, [29, 13, 1, 0]], 'left': {'index': 518, 'value': 0.1, 'pred': [[0, 0, 0, 41, 0], [0, 0, 1, 0, 0]], 'info': [41, 1, [29, 12, 0, 1]], 'left': 3, 'right': 2}, 'right': 2}, 'right': 4}, 'right': 2}}, 'right': 2}, 'right': 1}, 'right': {'index': 113, 'value': 0.1, 'pred': [[0, 0, 27, 0, 0], [0, 3, 0, 0, 0]], 'info': [27, 3, [14, 13, 0, 3]], 'left': 2, 'right': 1}}, 'right': 4}, 'right': {'index': 118, 'value': 0.1, 'pred': [[24, 0, 0, 0, 0], [0, 0, 0, 1, 0]], 'info': [24, 1, [12, 12, 1, 0]], 'left': 0, 'right': 3}}, 'right': {'index': 346, 'value': 0.1, 'pred': [[0, 35, 0, 2, 0], [0, 0, 2, 0, 0]], 'info': [37, 2, [14, 23, 0, 2]], 'left': {'index': 562, 'value': 0.1, 'pred': [[0, 35, 0, 1, 0], [0, 0, 0, 1, 0]], 'info': [36, 1, [14, 22, 0, 1]], 'left': {'index': 1082, 'value': 0.1, 'pred': [[0, 35, 0, 0, 0], [0, 0, 0, 1, 0]], 'info': [35, 1, [14, 21, 0, 1]], 'left': 1, 'right': 3}, 'right': 3}, 'right': 2}}, 'right': {'index': 65, 'value': 0.1, 'pred': [[0, 0, 0, 0, 37], [1, 0, 0, 0, 0]], 'info': [37, 1, [18, 19, 0, 1]], 'left': 4, 'right': 0}}, 'right': {'index': 72, 'value': 0.1, 'pred': [[2, 0, 1, 2, 53], [0, 0, 0, 4, 0]], 'info': [58, 4, [22, 36, 3, 1]], 'left': {'index': 521, 'value': 0.1, 'pred': [[2, 0, 0, 1, 53], [0, 0, 1, 1, 0]], 'info': [56, 2, [21, 35, 1, 1]], 'left': {'index': 1920, 'value': 0.1, 'pred': [[1, 0, 0, 0, 53], [1, 0, 0, 1, 0]], 'info': [54, 2, [21, 33, 0, 2]], 'left': {'index': 29, 'value': 0.1, 'pred': [[0, 0, 0, 0, 53], [1, 0, 0, 0, 0]], 'info': [53, 1, [21, 32, 0, 1]], 'left': 4, 'right': 0}, 'right': 0}, 'right': 2}, 'right': 3}}, 'right': 0}, 'right': 0}, 'right': {'index': 1678, 'value': 0.1, 'pred': [[3, 57, 0, 2, 3], [0, 0, 0, 4, 1]], 'info': [65, 5, [39, 26, 2, 3]], 'left': {'index': 570, 'value': 0.1, 'pred': [[1, 57, 0, 2, 3], [2, 0, 0, 0, 0]], 'info': [63, 2, [38, 25, 1, 1]], 'left': {'index': 721, 'value': 0.1, 'pred': [[1, 57, 0, 2, 1], [0, 0, 0, 0, 2]], 'info': [61, 2, [37, 24, 1, 1]], 'left': {'index': 190, 'value': 0.1, 'pred': [[0, 57, 0, 2, 1], [1, 0, 0, 0, 0]], 'info': [60, 1, [36, 24, 1, 0]], 'left': {'index': 480, 'value': 0.1, 'pred': [[0, 57, 0, 2, 0], [0, 0, 0, 0, 1]], 'info': [59, 1, [35, 24, 1, 0]], 'left': {'index': 223, 'value': 0.1, 'pred': [[0, 57, 0, 1, 0], [0, 0, 0, 1, 0]], 'info': [58, 1, [34, 24, 1, 0]], 'left': {'index': 383, 'value': 0.1, 'pred': [[0, 57, 0, 0, 0], [0, 0, 0, 1, 0]], 'info': [57, 1, [33, 24, 1, 0]], 'left': 1, 'right': 3}, 'right': 3}, 'right': 4}, 'right': 0}, 'right': 4}, 'right': 0}, 'right': {'index': 34, 'value': 0.1, 'pred': [[0, 0, 0, 4, 0], [0, 0, 0, 0, 1]], 'info': [4, 1, [2, 2, 0, 1]], 'left': 3, 'right': 4}}}, 'right': {'index': 829, 'value': 0.1, 'pred': [[0, 4, 51, 5, 1], [0, 0, 0, 2, 0]], 'info': [61, 2, [44, 17, 1, 1]], 'left': {'index': 656, 'value': 0.1, 'pred': [[0, 4, 50, 3, 0], [0, 0, 1, 2, 1]], 'info': [57, 4, [41, 16, 3, 1]], 'left': {'index': 2794, 'value': 0.1, 'pred': [[0, 3, 50, 2, 0], [0, 1, 0, 1, 0]], 'info': [55, 2, [41, 14, 0, 2]], 'left': {'index': 303, 'value': 0.1, 'pred': [[0, 3, 50, 1, 0], [0, 0, 0, 1, 0]], 'info': [54, 1, [41, 13, 0, 1]], 'left': {'index': 455, 'value': 0.1, 'pred': [[0, 3, 50, 0, 0], [0, 0, 0, 1, 0]], 'info': [53, 1, [41, 12, 0, 1]], 'left': {'index': 213, 'value': 0.1, 'pred': [[0, 2, 50, 0, 0], [0, 1, 0, 0, 0]], 'info': [52, 1, [40, 12, 1, 0]], 'left': {'index': 952, 'value': 0.1, 'pred': [[0, 1, 50, 0, 0], [0, 1, 0, 0, 0]], 'info': [51, 1, [40, 11, 0, 1]], 'left': {'index': 1064, 'value': 0.1, 'pred': [[0, 0, 50, 0, 0], [0, 1, 0, 0, 0]], 'info': [50, 1, [39, 11, 1, 0]], 'left': 2, 'right': 1}, 'right': 1}, 'right': 1}, 'right': 3}, 'right': 3}, 'right': 1}, 'right': 3}, 'right': 3}}, 'right': 4}, 'right': {'index': 97, 'value': 0.1, 'pred': [[0, 1, 66, 17, 0], [0, 0, 0, 4, 0]], 'info': [84, 4, [43, 41, 2, 2]], 'left': {'index': 2463, 'value': 0.1, 'pred': [[0, 1, 66, 13, 0], [0, 0, 0, 4, 0]], 'info': [80, 4, [42, 38, 1, 3]], 'left': {'index': 323, 'value': 0.1, 'pred': [[0, 1, 66, 10, 0], [0, 0, 0, 3, 0]], 'info': [77, 3, [40, 37, 2, 1]], 'left': {'index': 1488, 'value': 0.1, 'pred': [[0, 1, 66, 7, 0], [0, 0, 0, 3, 0]], 'info': [74, 3, [37, 37, 3, 0]], 'left': {'index': 2802, 'value': 0.1, 'pred': [[0, 0, 66, 6, 0], [0, 1, 0, 1, 0]], 'info': [72, 2, [35, 37, 2, 0]], 'left': {'index': 765, 'value': 0.1, 'pred': [[0, 0, 65, 4, 0], [0, 0, 1, 2, 0]], 'info': [69, 3, [35, 34, 0, 3]], 'left': {'index': 346, 'value': 0.1, 'pred': [[0, 0, 60, 1, 0], [0, 0, 5, 3, 0]], 'info': [61, 8, [32, 29, 3, 5]], 'left': {'index': 273, 'value': 0.1, 'pred': [[0, 0, 60, 0, 0], [0, 0, 0, 1, 0]], 'info': [60, 1, [31, 29, 1, 0]], 'left': 2, 'right': 3}, 'right': {'index': 1739, 'value': 0.1, 'pred': [[0, 0, 1, 3, 0], [0, 0, 4, 0, 0]], 'info': [4, 4, [2, 2, 1, 3]], 'left': 3, 'right': 2}}, 'right': 3}, 'right': 1}, 'right': 3}, 'right': 3}, 'right': 3}, 'right': 3}}, 'right': {'index': 620, 'value': 0.1, 'pred': [[0, 0, 0, 61, 0], [0, 0, 1, 0, 0]], 'info': [61, 1, [25, 36, 0, 1]], 'left': 3, 'right': 2}}, 'right': 0}, 'right': 4}, 'right': {'index': 549, 'value': 0.2, 'pred': [[4, 98, 1, 9, 2], [0, 0, 3, 0, 0]], 'info': [114, 3, [63, 51, 1, 2]], 'left': {'index': 2383, 'value': 0.1, 'pred': [[4, 98, 1, 6, 2], [0, 0, 0, 3, 0]], 'info': [111, 3, [62, 49, 1, 2]], 'left': {'index': 971, 'value': 0.2, 'pred': [[3, 98, 1, 6, 1], [1, 0, 0, 0, 1]], 'info': [109, 2, [61, 48, 1, 1]], 'left': {'index': 2389, 'value': 0.1, 'pred': [[3, 98, 0, 5, 1], [0, 0, 1, 1, 0]], 'info': [107, 2, [61, 46, 0, 2]], 'left': {'index': 1755, 'value': 0.1, 'pred': [[2, 98, 0, 4, 1], [1, 0, 0, 1, 0]], 'info': [105, 2, [60, 45, 1, 1]], 'left': {'index': 429, 'value': 0.1, 'pred': [[2, 98, 0, 4, 0], [0, 0, 0, 0, 1]], 'info': [104, 1, [60, 44, 0, 1]], 'left': {'index': 160, 'value': 0.1, 'pred': [[1, 98, 0, 4, 0], [1, 0, 0, 0, 0]], 'info': [103, 1, [60, 43, 0, 1]], 'left': {'index': 308, 'value': 0.1, 'pred': [[0, 98, 0, 4, 0], [1, 0, 0, 0, 0]], 'info': [102, 1, [59, 43, 1, 0]], 'left': {'index': 223, 'value': 0.1, 'pred': [[0, 98, 0, 3, 0], [0, 0, 0, 1, 0]], 'info': [101, 1, [59, 42, 0, 1]], 'left': {'index': 411, 'value': 0.1, 'pred': [[0, 98, 0, 2, 0], [0, 0, 0, 1, 0]], 'info': [100, 1, [58, 42, 1, 0]], 'left': {'index': 779, 'value': 0.1, 'pred': [[0, 98, 0, 1, 0], [0, 0, 0, 1, 0]], 'info': [99, 1, [57, 42, 1, 0]], 'left': {'index': 813, 'value': 0.1, 'pred': [[0, 98, 0, 0, 0], [0, 0, 0, 1, 0]], 'info': [98, 1, [56, 42, 1, 0]], 'left': 1, 'right': 3}, 'right': 3}, 'right': 3}, 'right': 3}, 'right': 0}, 'right': 0}, 'right': 4}, 'right': 0}, 'right': 2}, 'right': 0}, 'right': 3}, 'right': 2}}, 'right': {'index': 1004, 'value': 0.1, 'pred': [[74, 0, 0, 1, 0], [0, 0, 0, 2, 0]], 'info': [75, 2, [22, 53, 0, 2]], 'left': {'index': 496, 'value': 0.1, 'pred': [[74, 0, 0, 0, 0], [0, 0, 0, 1, 0]], 'info': [74, 1, [21, 53, 1, 0]], 'left': 0, 'right': 3}, 'right': 3}}, 'right': {'index': 1449, 'value': 0.1, 'pred': [[0, 96, 1, 1, 0], [0, 0, 1, 1, 0]], 'info': [98, 2, [45, 53, 0, 2]], 'left': {'index': 326, 'value': 0.1, 'pred': [[0, 96, 1, 0, 0], [0, 0, 0, 1, 0]], 'info': [97, 1, [44, 53, 1, 0]], 'left': {'index': 381, 'value': 0.1, 'pred': [[0, 96, 0, 0, 0], [0, 0, 1, 0, 0]], 'info': [96, 1, [44, 52, 0, 1]], 'left': 1, 'right': 2}, 'right': 3}, 'right': 2}}, 'right': {'index': 276, 'value': 0.1, 'pred': [[1, 1, 93, 0, 1], [0, 1, 1, 3, 0]], 'info': [96, 5, [36, 60, 3, 2]], 'left': {'index': 63, 'value': 0.1, 'pred': [[0, 1, 93, 0, 1], [1, 0, 0, 0, 0]], 'info': [95, 1, [36, 59, 0, 1]], 'left': {'index': 443, 'value': 0.1, 'pred': [[0, 1, 93, 0, 0], [0, 0, 0, 0, 1]], 'info': [94, 1, [35, 59, 1, 0]], 'left': {'index': 596, 'value': 0.1, 'pred': [[0, 0, 93, 0, 0], [0, 1, 0, 0, 0]], 'info': [93, 1, [35, 58, 0, 1]], 'left': 2, 'right': 1}, 'right': 4}, 'right': 0}, 'right': {'index': 486, 'value': 0.1, 'pred': [[0, 0, 0, 3, 0], [0, 1, 1, 0, 0]], 'info': [3, 2, [1, 2, 2, 0]], 'left': 3, 'right': 1}}}, 'right': {'index': 335, 'value': 0.1, 'pred': [[1, 21, 146, 3, 0], [0, 0, 0, 5, 0]], 'info': [171, 5, [80, 91, 3, 2]], 'left': {'index': 113, 'value': 0.1, 'pred': [[1, 16, 146, 3, 0], [0, 5, 0, 0, 0]], 'info': [166, 5, [78, 88, 2, 3]], 'left': {'index': 1999, 'value': 0.1, 'pred': [[1, 11, 146, 3, 0], [0, 5, 0, 0, 0]], 'info': [161, 5, [77, 84, 1, 4]], 'left': {'index': 377, 'value': 0.1, 'pred': [[1, 8, 146, 3, 0], [0, 3, 0, 0, 0]], 'info': [158, 3, [75, 83, 2, 1]], 'left': {'index': 1291, 'value': 0.1, 'pred': [[1, 6, 146, 2, 0], [0, 2, 0, 1, 0]], 'info': [155, 3, [74, 81, 1, 2]], 'left': {'index': 496, 'value': 0.1, 'pred': [[1, 4, 146, 2, 0], [0, 2, 0, 0, 0]], 'info': [153, 2, [73, 80, 1, 1]], 'left': {'index': 1996, 'value': 0.1, 'pred': [[1, 2, 146, 2, 0], [0, 2, 0, 0, 0]], 'info': [151, 2, [72, 79, 1, 1]], 'left': {'index': 476, 'value': 0.1, 'pred': [[0, 2, 146, 2, 0], [1, 0, 0, 0, 0]], 'info': [150, 1, [72, 78, 0, 1]], 'left': {'index': 78, 'value': 0.1, 'pred': [[0, 1, 146, 2, 0], [0, 1, 0, 0, 0]], 'info': [149, 1, [72, 77, 0, 1]], 'left': {'index': 107, 'value': 0.1, 'pred': [[0, 0, 146, 2, 0], [0, 1, 0, 0, 0]], 'info': [148, 1, [71, 77, 1, 0]], 'left': {'index': 202, 'value': 0.1, 'pred': [[0, 0, 146, 1, 0], [0, 0, 0, 1, 0]], 'info': [147, 1, [70, 77, 1, 0]], 'left': {'index': 827, 'value': 0.1, 'pred': [[0, 0, 146, 0, 0], [0, 0, 0, 1, 0]], 'info': [146, 1, [70, 76, 0, 1]], 'left': 2, 'right': 3}, 'right': 3}, 'right': 1}, 'right': 1}, 'right': 0}, 'right': 1}, 'right': 1}, 'right': 1}, 'right': 1}, 'right': 1}, 'right': 1}, 'right': 3}}, 'right': {'index': 1471, 'value': 0.1, 'pred': [[118, 2, 1, 3, 0], [0, 0, 0, 0, 4]], 'info': [124, 4, [53, 71, 4, 0]], 'left': {'index': 432, 'value': 0.1, 'pred': [[118, 2, 1, 1, 0], [0, 0, 0, 2, 0]], 'info': [122, 2, [52, 70, 1, 1]], 'left': {'index': 1352, 'value': 0.1, 'pred': [[118, 2, 0, 0, 0], [0, 0, 1, 1, 0]], 'info': [120, 2, [50, 70, 2, 0]], 'left': {'index': 2864, 'value': 0.1, 'pred': [[117, 0, 0, 0, 0], [1, 2, 0, 0, 0]], 'info': [117, 3, [50, 67, 0, 3]], 'left': 0, 'right': 1}, 'right': 2}, 'right': 3}, 'right': 4}}
sklaern
Recall:88.35263835263835
Precision:88.77858657016512
!sklearn
Recall:84.62033462033463
Precision:85.58729535065788

seed = 38
sklearn
Recall:68.66151866151866
Precision:70.65380265548565
!sklearn
Recall:67.45980707395498
Precision:77.3173096124966
tree = {'index': 1133, 'value': 0.1, 'pred': [[409, 649, 644, 657, 658], [127, 2, 1, 2, 5]], 'info': [3017, 137, [1530, 1487, 77, 60]], 'left': {'index': 1587, 'value': 0.1, 'pred': [[408, 629, 502, 647, 658], [1, 20, 142, 10, 0]], 'info': [2844, 173, [1446, 1398, 84, 89]], 'left': {'index': 136, 'value': 0.1, 'pred': [[407, 628, 404, 642, 658], [1, 1, 98, 5, 0]], 'info': [2739, 105, [1384, 1355, 62, 43]], 'left': {'index': 1285, 'value': 0.1, 'pred': [[405, 519, 403, 634, 655], [2, 109, 1, 8, 3]], 'info': [2616, 123, [1331, 1285, 53, 70]], 'left': {'index': 1146, 'value': 0.1, 'pred': [[405, 441, 398, 634, 655], [0, 78, 5, 0, 0]], 'info': [2533, 83, [1279, 1254, 52, 31]], 'left': {'index': 1449, 'value': 0.1, 'pred': [[341, 441, 397, 633, 653], [64, 0, 1, 1, 2]], 'info': [2465, 68, [1236, 1229, 43, 25]], 'left': {'index': 453, 'value': 0.1, 'pred': [[341, 441, 396, 562, 653], [0, 0, 1, 71, 0]], 'info': [2393, 72, [1195, 1198, 41, 31]], 'left': {'index': 796, 'value': 0.1, 'pred': [[341, 441, 396, 562, 582], [0, 0, 0, 0, 71]], 'info': [2322, 71, [1154, 1168, 41, 30]], 'left': {'index': 2264, 'value': 0.1, 'pred': [[289, 441, 396, 561, 582], [52, 0, 0, 1, 0]], 'info': [2269, 53, [1133, 1136, 21, 32]], 'left': {'index': 229, 'value': 0.1, 'pred': [[288, 441, 396, 561, 521], [1, 0, 0, 0, 61]], 'info': [2207, 62, [1079, 1128, 54, 8]], 'left': {'index': 1011, 'value': 0.1, 'pred': [[283, 371, 392, 555, 518], [5, 70, 4, 6, 3]], 'info': [2119, 88, [1040, 1079, 39, 49]], 'left': {'index': 1738, 'value': 0.1, 'pred': [[246, 371, 391, 555, 518], [37, 0, 1, 0, 0]], 'info': [2081, 38, [1025, 1056, 15, 23]], 'left': {'index': 1048, 'value': 0.1, 'pred': [[245, 371, 390, 552, 464], [1, 0, 1, 3, 54]], 'info': [2022, 59, [984, 1038, 41, 18]], 'left': {'index': 773, 'value': 0.1, 'pred': [[243, 370, 390, 552, 417], [2, 1, 0, 0, 47]], 'info': [1972, 50, [957, 1015, 27, 23]], 'left': {'index': 407, 'value': 0.1, 'pred': [[243, 367, 348, 552, 417], [0, 3, 42, 0, 0]], 'info': [1927, 45, [935, 992, 22, 23]], 'left': {'index': 187, 'value': 0.1, 'pred': [[212, 367, 348, 552, 417], [31, 0, 0, 0, 0]], 'info': [1896, 31, [924, 972, 11, 20]], 'left': {'index': 2169, 'value': 0.1, 'pred': [[212, 367, 315, 552, 417], [0, 0, 33, 0, 0]], 'info': [1863, 33, [907, 956, 17, 16]], 'left': {'index': 823, 'value': 0.1, 'pred': [[211, 367, 267, 532, 417], [1, 0, 48, 20, 0]], 'info': [1794, 69, [872, 922, 35, 34]], 'left': {'index': 1148, 'value': 0.1, 'pred': [[211, 333, 265, 532, 417], [0, 34, 2, 0, 0]], 'info': [1758, 36, [852, 906, 20, 16]], 'left': {'index': 1396, 'value': 0.1, 'pred': [[186, 333, 265, 532, 417], [25, 0, 0, 0, 0]], 'info': [1733, 25, [835, 898, 17, 8]], 'left': {'index': 1944, 'value': 0.1, 'pred': [[185, 333, 265, 532, 386], [1, 0, 0, 0, 31]], 'info': [1701, 32, [827, 874, 8, 24]], 'left': {'index': 82, 'value': 0.1, 'pred': [[183, 306, 264, 532, 386], [2, 27, 1, 0, 0]], 'info': [1671, 30, [809, 862, 18, 12]], 'left': {'index': 1735, 'value': 0.1, 'pred': [[183, 303, 231, 525, 385], [0, 3, 33, 7, 1]], 'info': [1627, 44, [793, 834, 16, 28]], 'left': {'index': 1415, 'value': 0.1, 'pred': [[165, 303, 231, 525, 385], [18, 0, 0, 0, 0]], 'info': [1609, 18, [788, 821, 5, 13]], 'left': {'index': 826, 'value': 0.1, 'pred': [[165, 303, 230, 525, 360], [0, 0, 1, 0, 25]], 'info': [1583, 26, [776, 807, 12, 14]], 'left': {'index': 239, 'value': 0.1, 'pred': [[165, 303, 225, 487, 360], [0, 0, 5, 38, 0]], 'info': [1540, 43, [760, 780, 16, 27]], 'left': {'index': 438, 'value': 0.1, 'pred': [[165, 301, 210, 440, 360], [0, 2, 15, 47, 0]], 'info': [1476, 64, [718, 758, 42, 22]], 'left': {'index': 1667, 'value': 0.1, 'pred': [[165, 300, 210, 440, 336], [0, 1, 0, 0, 24]], 'info': [1451, 25, [711, 740, 7, 18]], 'left': {'index': 731, 'value': 0.1, 'pred': [[165, 300, 210, 414, 336], [0, 0, 0, 26, 0]], 'info': [1425, 26, [696, 729, 15, 11]], 'left': {'index': 1644, 'value': 0.1, 'pred': [[149, 300, 210, 414, 336], [16, 0, 0, 0, 0]], 'info': [1409, 16, [692, 717, 4, 12]], 'left': {'index': 1994, 'value': 0.1, 'pred': [[149, 299, 210, 414, 314], [0, 1, 0, 0, 22]], 'info': [1386, 23, [682, 704, 10, 13]], 'left': {'index': 1505, 'value': 0.2, 'pred': [[149, 299, 194, 414, 314], [0, 0, 16, 0, 0]], 'info': [1370, 16, [677, 693, 5, 11]], 'left': {'index': 600, 'value': 0.1, 'pred': [[147, 289, 192, 375, 314], [2, 10, 2, 39, 0]], 'info': [1317, 53, [661, 656, 16, 37]], 'left': {'index': 2900, 'value': 0.1, 'pred': [[147, 289, 192, 353, 314], [0, 0, 0, 22, 0]], 'info': [1295, 22, [646, 649, 15, 7]], 'left': {'index': 1991, 'value': 0.1, 'pred': [[147, 284, 184, 314, 309], [0, 5, 8, 39, 5]], 'info': [1238, 57, [625, 613, 21, 36]], 'left': {'index': 101, 'value': 0.1, 'pred': [[147, 284, 184, 295, 309], [0, 0, 0, 19, 0]], 'info': [1219, 19, [610, 609, 15, 4]], 'left': {'index': 1554, 'value': 0.1, 'pred': [[134, 284, 184, 295, 309], [13, 0, 0, 0, 0]], 'info': [1206, 13, [602, 604, 8, 5]], 'left': {'index': 2396, 'value': 0.1, 'pred': [[134, 284, 171, 295, 309], [0, 0, 13, 0, 0]], 'info': [1193, 13, [598, 595, 4, 9]], 'left': {'index': 48, 'value': 0.1, 'pred': [[134, 284, 171, 279, 309], [0, 0, 0, 16, 0]], 'info': [1177, 16, [597, 580, 1, 15]], 'left': {'index': 2039, 'value': 0.1, 'pred': [[134, 269, 171, 279, 309], [0, 15, 0, 0, 0]], 'info': [1162, 15, [587, 575, 10, 5]], 'left': {'index': 116, 'value': 0.1, 'pred': [[134, 255, 171, 279, 309], [0, 14, 0, 0, 0]], 'info': [1148, 14, [579, 569, 8, 6]], 'left': {'index': 2873, 'value': 0.1, 'pred': [[134, 241, 171, 279, 309], [0, 14, 0, 0, 0]], 'info': [1134, 14, [571, 563, 8, 6]], 'left': {'index': 868, 'value': 0.1, 'pred': [[134, 240, 171, 263, 309], [0, 1, 0, 16, 0]], 'info': [1117, 17, [564, 553, 7, 10]], 'left': {'index': 2727, 'value': 0.1, 'pred': [[134, 227, 171, 263, 309], [0, 13, 0, 0, 0]], 'info': [1104, 13, [554, 550, 10, 3]], 'left': {'index': 2066, 'value': 0.1, 'pred': [[134, 227, 160, 263, 309], [0, 0, 11, 0, 0]], 'info': [1093, 11, [548, 545, 6, 5]], 'left': {'index': 302, 'value': 0.1, 'pred': [[132, 226, 160, 263, 290], [2, 1, 0, 0, 19]], 'info': [1071, 22, [538, 533, 10, 12]], 'left': {'index': 245, 'value': 0.1, 'pred': [[122, 226, 160, 263, 290], [10, 0, 0, 0, 0]], 'info': [1061, 10, [530, 531, 8, 2]], 'left': {'index': 519, 'value': 0.1, 'pred': [[122, 214, 160, 263, 290], [0, 12, 0, 0, 0]], 'info': [1049, 12, [526, 523, 4, 8]], 'left': {'index': 2082, 'value': 0.1, 'pred': [[122, 214, 160, 263, 276], [0, 0, 0, 0, 14]], 'info': [1035, 14, [525, 510, 1, 13]], 'left': {'index': 2065, 'value': 0.1, 'pred': [[122, 212, 153, 239, 273], [0, 2, 7, 24, 3]], 'info': [999, 36, [508, 491, 17, 19]], 'left': {'index': 354, 'value': 0.1, 'pred': [[122, 212, 142, 239, 272], [0, 0, 11, 0, 1]], 'info': [987, 12, [500, 487, 8, 4]], 'left': {'index': 1972, 'value': 0.1, 'pred': [[113, 212, 142, 239, 272], [9, 0, 0, 0, 0]], 'info': [978, 9, [497, 481, 3, 6]], 'left': {'index': 1318, 'value': 0.1, 'pred': [[113, 212, 142, 239, 259], [0, 0, 0, 0, 13]], 'info': [965, 13, [492, 473, 5, 8]], 'left': 4, 'right': 4}, 'right': 0}, 'right': {'index': 44, 'value': 0.1, 'pred': [[0, 0, 11, 0, 0], [0, 0, 0, 0, 1]], 'info': [11, 1, [8, 3, 0, 1]], 'left': 2, 'right': 4}}, 'right': {'index': 1588, 'value': 0.1, 'pred': [[0, 2, 3, 24, 3], [0, 0, 4, 0, 0]], 'info': [32, 4, [15, 17, 2, 2]], 'left': {'index': 283, 'value': 0.1, 'pred': [[0, 2, 1, 24, 1], [0, 0, 2, 0, 2]], 'info': [28, 4, [14, 14, 1, 3]], 'left': {'index': 2953, 'value': 0.1, 'pred': [[0, 2, 0, 24, 0], [0, 0, 1, 0, 1]], 'info': [26, 2, [13, 13, 1, 1]], 'left': 3, 'right': 2}, 'right': 2}, 'right': 2}}, 'right': 4}, 'right': 1}, 'right': 0}, 'right': {'index': 662, 'value': 0.1, 'pred': [[0, 1, 0, 0, 19], [2, 0, 0, 0, 0]], 'info': [20, 2, [8, 12, 2, 0]], 'left': {'index': 155, 'value': 0.1, 'pred': [[0, 0, 0, 0, 19], [0, 1, 0, 0, 0]], 'info': [19, 1, [7, 12, 1, 0]], 'left': 4, 'right': 1}, 'right': 0}}, 'right': 2}, 'right': 1}, 'right': {'index': 503, 'value': 0.1, 'pred': [[0, 0, 0, 16, 0], [0, 1, 0, 0, 0]], 'info': [16, 1, [7, 9, 0, 1]], 'left': 3, 'right': 1}}, 'right': 1}, 'right': 1}, 'right': 1}, 'right': 3}, 'right': 2}, 'right': 0}, 'right': 3}, 'right': {'index': 189, 'value': 0.3, 'pred': [[0, 5, 8, 39, 2], [0, 0, 0, 0, 3]], 'info': [54, 3, [20, 34, 1, 2]], 'left': {'index': 830, 'value': 0.1, 'pred': [[0, 5, 5, 39, 2], [0, 0, 3, 0, 0]], 'info': [51, 3, [19, 32, 1, 2]], 'left': {'index': 2287, 'value': 0.1, 'pred': [[0, 5, 3, 39, 1], [0, 0, 2, 0, 1]], 'info': [48, 3, [19, 29, 0, 3]], 'left': {'index': 2227, 'value': 0.1, 'pred': [[0, 5, 1, 39, 1], [0, 0, 2, 0, 0]], 'info': [46, 2, [19, 27, 0, 2]], 'left': {'index': 2912, 'value': 0.1, 'pred': [[0, 3, 1, 39, 1], [0, 2, 0, 0, 0]], 'info': [44, 2, [18, 26, 1, 1]], 'left': {'index': 2113, 'value': 0.1, 'pred': [[0, 1, 1, 38, 1], [0, 2, 0, 1, 0]], 'info': [41, 3, [17, 24, 1, 2]], 'left': {'index': 4, 'value': 0.1, 'pred': [[0, 1, 1, 38, 0], [0, 0, 0, 0, 1]], 'info': [40, 1, [16, 24, 1, 0]], 'left': {'index': 38, 'value': 0.1, 'pred': [[0, 1, 0, 38, 0], [0, 0, 1, 0, 0]], 'info': [39, 1, [16, 23, 0, 1]], 'left': {'index': 353, 'value': 0.1, 'pred': [[0, 0, 0, 38, 0], [0, 1, 0, 0, 0]], 'info': [38, 1, [15, 23, 1, 0]], 'left': 3, 'right': 1}, 'right': 2}, 'right': 4}, 'right': 1}, 'right': 1}, 'right': 2}, 'right': 2}, 'right': 2}, 'right': 4}}, 'right': 3}, 'right': {'index': 1222, 'value': 0.1, 'pred': [[2, 6, 1, 39, 0], [0, 4, 1, 0, 0]], 'info': [48, 5, [14, 34, 2, 3]], 'left': {'index': 485, 'value': 0.2, 'pred': [[2, 4, 1, 39, 0], [0, 2, 0, 0, 0]], 'info': [46, 2, [13, 33, 1, 1]], 'left': {'index': 2734, 'value': 0.1, 'pred': [[2, 2, 1, 38, 0], [0, 2, 0, 1, 0]], 'info': [43, 3, [11, 32, 2, 1]], 'left': {'index': 2961, 'value': 0.1, 'pred': [[2, 1, 0, 37, 0], [0, 1, 1, 1, 0]], 'info': [40, 3, [9, 31, 2, 1]], 'left': {'index': 1474, 'value': 0.1, 'pred': [[1, 0, 0, 34, 0], [1, 1, 0, 3, 0]], 'info': [35, 5, [7, 28, 2, 3]], 'left': {'index': 107, 'value': 0.1, 'pred': [[0, 0, 0, 34, 0], [1, 0, 0, 0, 0]], 'info': [34, 1, [6, 28, 1, 0]], 'left': 3, 'right': 0}, 'right': {'index': 157, 'value': 0.1, 'pred': [[0, 1, 0, 3, 0], [1, 0, 0, 0, 0]], 'info': [4, 1, [1, 3, 1, 0]], 'left': 3, 'right': 0}}, 'right': 1}, 'right': 1}, 'right': 1}, 'right': {'index': 353, 'value': 0.1, 'pred': [[0, 4, 0, 0, 0], [0, 0, 1, 0, 0]], 'info': [4, 1, [2, 2, 0, 1]], 'left': 1, 'right': 2}}}, 'right': 2}, 'right': {'index': 139, 'value': 0.1, 'pred': [[0, 0, 0, 0, 22], [0, 1, 0, 0, 0]], 'info': [22, 1, [9, 13, 1, 0]], 'left': 4, 'right': 1}}, 'right': 0}, 'right': 3}, 'right': {'index': 359, 'value': 0.1, 'pred': [[0, 0, 0, 0, 24], [0, 1, 0, 0, 0]], 'info': [24, 1, [6, 18, 1, 0]], 'left': 4, 'right': 1}}, 'right': {'index': 2792, 'value': 0.1, 'pred': [[0, 1, 11, 47, 0], [0, 1, 4, 0, 0]], 'info': [59, 5, [38, 21, 4, 1]], 'left': {'index': 2469, 'value': 0.1, 'pred': [[0, 1, 6, 45, 0], [0, 0, 5, 2, 0]], 'info': [52, 7, [32, 20, 6, 1]], 'left': {'index': 89, 'value': 0.1, 'pred': [[0, 1, 3, 44, 0], [0, 0, 3, 1, 0]], 'info': [48, 4, [29, 19, 3, 1]], 'left': {'index': 314, 'value': 0.1, 'pred': [[0, 1, 1, 43, 0], [0, 0, 2, 1, 0]], 'info': [45, 3, [28, 17, 1, 2]], 'left': {'index': 377, 'value': 0.1, 'pred': [[0, 1, 0, 42, 0], [0, 0, 1, 1, 0]], 'info': [43, 2, [27, 16, 1, 1]], 'left': {'index': 347, 'value': 0.1, 'pred': [[0, 0, 0, 42, 0], [0, 1, 0, 0, 0]], 'info': [42, 1, [26, 16, 1, 0]], 'left': 3, 'right': 1}, 'right': 2}, 'right': 2}, 'right': 2}, 'right': {'index': 587, 'value': 0.1, 'pred': [[0, 0, 5, 0, 0], [0, 0, 0, 2, 0]], 'info': [5, 2, [4, 1, 2, 0]], 'left': 2, 'right': 3}}, 'right': {'index': 52, 'value': 0.1, 'pred': [[0, 0, 4, 0, 0], [0, 1, 0, 0, 0]], 'info': [4, 1, [3, 1, 1, 0]], 'left': 2, 'right': 1}}}, 'right': {'index': 830, 'value': 0.1, 'pred': [[0, 0, 3, 38, 0], [0, 0, 2, 0, 0]], 'info': [41, 2, [15, 26, 1, 1]], 'left': {'index': 59, 'value': 0.1, 'pred': [[0, 0, 2, 37, 0], [0, 0, 1, 1, 0]], 'info': [39, 2, [14, 25, 1, 1]], 'left': {'index': 403, 'value': 0.1, 'pred': [[0, 0, 1, 36, 0], [0, 0, 1, 1, 0]], 'info': [37, 2, [13, 24, 1, 1]], 'left': {'index': 240, 'value': 0.1, 'pred': [[0, 0, 0, 36, 0], [0, 0, 1, 0, 0]], 'info': [36, 1, [12, 24, 1, 0]], 'left': 3, 'right': 2}, 'right': 2}, 'right': 2}, 'right': 2}}, 'right': {'index': 39, 'value': 0.1, 'pred': [[0, 0, 0, 0, 25], [0, 0, 1, 0, 0]], 'info': [25, 1, [11, 14, 1, 0]], 'left': 4, 'right': 2}}, 'right': 0}, 'right': {'index': 371, 'value': 0.1, 'pred': [[0, 3, 33, 5, 1], [0, 0, 0, 2, 0]], 'info': [42, 2, [15, 27, 1, 1]], 'left': {'index': 668, 'value': 0.1, 'pred': [[0, 3, 33, 4, 0], [0, 0, 0, 1, 1]], 'info': [40, 2, [14, 26, 1, 1]], 'left': {'index': 325, 'value': 0.1, 'pred': [[0, 2, 33, 3, 0], [0, 1, 0, 1, 0]], 'info': [38, 2, [13, 25, 1, 1]], 'left': {'index': 1567, 'value': 0.1, 'pred': [[0, 1, 33, 2, 0], [0, 1, 0, 1, 0]], 'info': [36, 2, [12, 24, 1, 1]], 'left': {'index': 1154, 'value': 0.1, 'pred': [[0, 0, 32, 2, 0], [0, 1, 1, 0, 0]], 'info': [34, 2, [11, 23, 1, 1]], 'left': {'index': 142, 'value': 0.1, 'pred': [[0, 0, 31, 1, 0], [0, 0, 1, 1, 0]], 'info': [32, 2, [10, 22, 1, 1]], 'left': {'index': 462, 'value': 0.1, 'pred': [[0, 0, 31, 0, 0], [0, 0, 0, 1, 0]], 'info': [31, 1, [9, 22, 1, 0]], 'left': 2, 'right': 3}, 'right': 2}, 'right': 1}, 'right': 1}, 'right': 1}, 'right': 3}, 'right': 3}}, 'right': {'index': 1999, 'value': 0.1, 'pred': [[0, 27, 1, 0, 0], [2, 0, 0, 0, 0]], 'info': [28, 2, [18, 10, 0, 2]], 'left': {'index': 438, 'value': 0.1, 'pred': [[0, 27, 0, 0, 0], [0, 0, 1, 0, 0]], 'info': [27, 1, [18, 9, 0, 1]], 'left': 1, 'right': 2}, 'right': 0}}, 'right': {'index': 68, 'value': 0.1, 'pred': [[0, 0, 0, 0, 31], [1, 0, 0, 0, 0]], 'info': [31, 1, [7, 24, 1, 0]], 'left': 4, 'right': 0}}, 'right': 0}, 'right': {'index': 353, 'value': 0.1, 'pred': [[0, 34, 0, 0, 0], [0, 0, 2, 0, 0]], 'info': [34, 2, [19, 15, 1, 1]], 'left': 1, 'right': 2}}, 'right': {'index': 2459, 'value': 0.1, 'pred': [[1, 0, 48, 16, 0], [0, 0, 0, 4, 0]], 'info': [65, 4, [32, 33, 3, 1]], 'left': {'index': 673, 'value': 0.1, 'pred': [[1, 0, 48, 13, 0], [0, 0, 0, 3, 0]], 'info': [62, 3, [31, 31, 1, 2]], 'left': {'index': 438, 'value': 0.1, 'pred': [[1, 0, 48, 11, 0], [0, 0, 0, 2, 0]], 'info': [60, 2, [30, 30, 1, 1]], 'left': {'index': 529, 'value': 0.1, 'pred': [[1, 0, 48, 9, 0], [0, 0, 0, 2, 0]], 'info': [58, 2, [29, 29, 1, 1]], 'left': {'index': 2567, 'value': 0.1, 'pred': [[1, 0, 48, 7, 0], [0, 0, 0, 2, 0]], 'info': [56, 2, [28, 28, 1, 1]], 'left': {'index': 165, 'value': 0.1, 'pred': [[0, 0, 48, 7, 0], [1, 0, 0, 0, 0]], 'info': [55, 1, [27, 28, 1, 0]], 'left': {'index': 39, 'value': 0.1, 'pred': [[0, 0, 48, 6, 0], [0, 0, 0, 1, 0]], 'info': [54, 1, [27, 27, 0, 1]], 'left': {'index': 122, 'value': 0.1, 'pred': [[0, 0, 48, 5, 0], [0, 0, 0, 1, 0]], 'info': [53, 1, [26, 27, 1, 0]], 'left': {'index': 134, 'value': 0.1, 'pred': [[0, 0, 48, 4, 0], [0, 0, 0, 1, 0]], 'info': [52, 1, [25, 27, 1, 0]], 'left': {'index': 212, 'value': 0.1, 'pred': [[0, 0, 48, 3, 0], [0, 0, 0, 1, 0]], 'info': [51, 1, [25, 26, 0, 1]], 'left': {'index': 280, 'value': 0.1, 'pred': [[0, 0, 48, 2, 0], [0, 0, 0, 1, 0]], 'info': [50, 1, [25, 25, 0, 1]], 'left': {'index': 806, 'value': 0.1, 'pred': [[0, 0, 48, 1, 0], [0, 0, 0, 1, 0]], 'info': [49, 1, [24, 25, 1, 0]], 'left': {'index': 1326, 'value': 0.1, 'pred': [[0, 0, 48, 0, 0], [0, 0, 0, 1, 0]], 'info': [48, 1, [24, 24, 0, 1]], 'left': 2, 'right': 3}, 'right': 3}, 'right': 3}, 'right': 3}, 'right': 3}, 'right': 3}, 'right': 3}, 'right': 0}, 'right': 3}, 'right': 3}, 'right': 3}, 'right': 3}, 'right': 3}}, 'right': 2}, 'right': 0}, 'right': {'index': 116, 'value': 0.1, 'pred': [[0, 0, 42, 0, 0], [0, 3, 0, 0, 0]], 'info': [42, 3, [19, 23, 3, 0]], 'left': 2, 'right': 1}}, 'right': {'index': 202, 'value': 0.1, 'pred': [[2, 0, 0, 0, 47], [0, 1, 0, 0, 0]], 'info': [49, 1, [26, 23, 1, 0]], 'left': {'index': 1, 'value': 0.1, 'pred': [[1, 0, 0, 0, 47], [1, 0, 0, 0, 0]], 'info': [48, 1, [26, 22, 0, 1]], 'left': {'index': 97, 'value': 0.1, 'pred': [[0, 0, 0, 0, 47], [1, 0, 0, 0, 0]], 'info': [47, 1, [25, 22, 1, 0]], 'left': 4, 'right': 0}, 'right': 0}, 'right': 1}}, 'right': {'index': 76, 'value': 0.1, 'pred': [[1, 0, 1, 1, 54], [0, 0, 0, 2, 0]], 'info': [57, 2, [40, 17, 1, 1]], 'left': {'index': 529, 'value': 0.1, 'pred': [[1, 0, 0, 0, 54], [0, 0, 1, 1, 0]], 'info': [55, 2, [39, 16, 1, 1]], 'left': {'index': 179, 'value': 0.1, 'pred': [[0, 0, 0, 0, 54], [1, 0, 0, 0, 0]], 'info': [54, 1, [38, 16, 1, 0]], 'left': 4, 'right': 0}, 'right': 2}, 'right': 3}}, 'right': {'index': 221, 'value': 0.1, 'pred': [[37, 0, 0, 0, 0], [0, 0, 1, 0, 0]], 'info': [37, 1, [15, 22, 0, 1]], 'left': 0, 'right': 2}}, 'right': {'index': 2106, 'value': 0.1, 'pred': [[5, 69, 1, 5, 3], [0, 1, 3, 1, 0]], 'info': [83, 5, [38, 45, 1, 4]], 'left': {'index': 187, 'value': 0.1, 'pred': [[3, 69, 1, 5, 3], [2, 0, 0, 0, 0]], 'info': [81, 2, [37, 44, 1, 1]], 'left': {'index': 2291, 'value': 0.1, 'pred': [[3, 69, 1, 3, 3], [0, 0, 0, 2, 0]], 'info': [79, 2, [37, 42, 0, 2]], 'left': {'index': 154, 'value': 0.2, 'pred': [[3, 69, 1, 2, 2], [0, 0, 0, 1, 1]], 'info': [77, 2, [36, 41, 1, 1]], 'left': {'index': 534, 'value': 0.1, 'pred': [[3, 69, 0, 2, 2], [0, 0, 1, 0, 0]], 'info': [76, 1, [36, 40, 0, 1]], 'left': {'index': 226, 'value': 0.1, 'pred': [[3, 69, 0, 1, 2], [0, 0, 0, 1, 0]], 'info': [75, 1, [35, 40, 1, 0]], 'left': {'index': 794, 'value': 0.1, 'pred': [[3, 69, 0, 0, 2], [0, 0, 0, 1, 0]], 'info': [74, 1, [35, 39, 0, 1]], 'left': {'index': 248, 'value': 0.1, 'pred': [[3, 69, 0, 0, 1], [0, 0, 0, 0, 1]], 'info': [73, 1, [35, 38, 0, 1]], 'left': {'index': 317, 'value': 0.1, 'pred': [[3, 69, 0, 0, 0], [0, 0, 0, 0, 1]], 'info': [72, 1, [34, 38, 1, 0]], 'left': {'index': 22, 'value': 0.1, 'pred': [[2, 69, 0, 0, 0], [1, 0, 0, 0, 0]], 'info': [71, 1, [33, 38, 1, 0]], 'left': {'index': 90, 'value': 0.1, 'pred': [[1, 69, 0, 0, 0], [1, 0, 0, 0, 0]], 'info': [70, 1, [33, 37, 0, 1]], 'left': {'index': 225, 'value': 0.1, 'pred': [[0, 69, 0, 0, 0], [1, 0, 0, 0, 0]], 'info': [69, 1, [33, 36, 0, 1]], 'left': 1, 'right': 0}, 'right': 0}, 'right': 0}, 'right': 4}, 'right': 4}, 'right': 3}, 'right': 3}, 'right': 2}, 'right': 3}, 'right': 3}, 'right': 0}, 'right': {'index': 228, 'value': 0.1, 'pred': [[0, 0, 3, 1, 0], [0, 1, 0, 0, 0]], 'info': [4, 1, [1, 3, 0, 1]], 'left': 2, 'right': 1}}}, 'right': {'index': 72, 'value': 0.1, 'pred': [[0, 0, 0, 0, 61], [1, 0, 0, 0, 0]], 'info': [61, 1, [54, 7, 0, 1]], 'left': 4, 'right': 0}}, 'right': {'index': 121, 'value': 0.1, 'pred': [[52, 0, 0, 0, 0], [0, 0, 0, 1, 0]], 'info': [52, 1, [21, 31, 0, 1]], 'left': 0, 'right': 3}}, 'right': 4}, 'right': {'index': 262, 'value': 0.1, 'pred': [[0, 0, 0, 71, 0], [0, 0, 1, 0, 0]], 'info': [71, 1, [40, 31, 1, 0]], 'left': 3, 'right': 2}}, 'right': {'index': 20, 'value': 0.1, 'pred': [[64, 0, 0, 1, 2], [0, 0, 1, 0, 0]], 'info': [67, 1, [43, 24, 0, 1]], 'left': {'index': 148, 'value': 0.1, 'pred': [[63, 0, 0, 0, 2], [1, 0, 0, 1, 0]], 'info': [65, 2, [42, 23, 1, 1]], 'left': {'index': 27, 'value': 0.1, 'pred': [[63, 0, 0, 0, 1], [0, 0, 0, 0, 1]], 'info': [64, 1, [41, 23, 1, 0]], 'left': {'index': 133, 'value': 0.1, 'pred': [[63, 0, 0, 0, 0], [0, 0, 0, 0, 1]], 'info': [63, 1, [40, 23, 1, 0]], 'left': 0, 'right': 4}, 'right': 4}, 'right': 0}, 'right': 2}}, 'right': {'index': 13, 'value': 0.1, 'pred': [[0, 77, 3, 0, 0], [0, 1, 2, 0, 0]], 'info': [80, 3, [50, 30, 2, 1]], 'left': {'index': 1590, 'value': 0.1, 'pred': [[0, 76, 2, 0, 0], [0, 1, 1, 0, 0]], 'info': [78, 2, [49, 29, 1, 1]], 'left': {'index': 1923, 'value': 0.1, 'pred': [[0, 75, 1, 0, 0], [0, 1, 1, 0, 0]], 'info': [76, 2, [48, 28, 1, 1]], 'left': {'index': 41, 'value': 0.1, 'pred': [[0, 75, 0, 0, 0], [0, 0, 1, 0, 0]], 'info': [75, 1, [47, 28, 1, 0]], 'left': 1, 'right': 2}, 'right': 1}, 'right': 1}, 'right': 2}}, 'right': {'index': 2804, 'value': 0.1, 'pred': [[2, 109, 1, 4, 3], [0, 0, 0, 4, 0]], 'info': [119, 4, [51, 68, 2, 2]], 'left': {'index': 724, 'value': 0.1, 'pred': [[2, 109, 1, 2, 3], [0, 0, 0, 2, 0]], 'info': [117, 2, [51, 66, 0, 2]], 'left': {'index': 1237, 'value': 0.1, 'pred': [[1, 109, 1, 2, 2], [1, 0, 0, 0, 1]], 'info': [115, 2, [50, 65, 1, 1]], 'left': {'index': 2839, 'value': 0.1, 'pred': [[1, 107, 1, 0, 2], [0, 2, 0, 2, 0]], 'info': [111, 4, [47, 64, 3, 1]], 'left': {'index': 1420, 'value': 0.1, 'pred': [[0, 107, 1, 0, 1], [1, 0, 0, 0, 1]], 'info': [109, 2, [47, 62, 0, 2]], 'left': {'index': 36, 'value': 0.1, 'pred': [[0, 106, 1, 0, 0], [0, 1, 0, 0, 1]], 'info': [107, 2, [46, 61, 1, 1]], 'left': {'index': 295, 'value': 0.1, 'pred': [[0, 106, 0, 0, 0], [0, 0, 1, 0, 0]], 'info': [106, 1, [45, 61, 1, 0]], 'left': 1, 'right': 2}, 'right': 1}, 'right': 0}, 'right': 1}, 'right': 0}, 'right': 3}, 'right': 3}}, 'right': {'index': 295, 'value': 0.1, 'pred': [[1, 0, 98, 4, 0], [0, 1, 0, 1, 0]], 'info': [103, 2, [62, 41, 0, 2]], 'left': {'index': 66, 'value': 0.1, 'pred': [[0, 0, 98, 4, 0], [1, 0, 0, 0, 0]], 'info': [102, 1, [61, 41, 1, 0]], 'left': {'index': 79, 'value': 0.1, 'pred': [[0, 0, 98, 3, 0], [0, 0, 0, 1, 0]], 'info': [101, 1, [60, 41, 1, 0]], 'left': {'index': 192, 'value': 0.1, 'pred': [[0, 0, 98, 2, 0], [0, 0, 0, 1, 0]], 'info': [100, 1, [59, 41, 1, 0]], 'left': {'index': 333, 'value': 0.1, 'pred': [[0, 0, 98, 1, 0], [0, 0, 0, 1, 0]], 'info': [99, 1, [59, 40, 0, 1]], 'left': {'index': 459, 'value': 0.1, 'pred': [[0, 0, 98, 0, 0], [0, 0, 0, 1, 0]], 'info': [98, 1, [59, 39, 0, 1]], 'left': 2, 'right': 3}, 'right': 3}, 'right': 3}, 'right': 3}, 'right': 0}, 'right': 1}}, 'right': {'index': 342, 'value': 0.1, 'pred': [[1, 20, 142, 4, 0], [0, 0, 0, 6, 0]], 'info': [167, 6, [80, 87, 4, 2]], 'left': {'index': 832, 'value': 0.1, 'pred': [[1, 16, 142, 4, 0], [0, 4, 0, 0, 0]], 'info': [163, 4, [78, 85, 2, 2]], 'left': {'index': 2947, 'value': 0.1, 'pred': [[1, 12, 141, 4, 0], [0, 4, 1, 0, 0]], 'info': [158, 5, [74, 84, 4, 1]], 'left': {'index': 1146, 'value': 0.1, 'pred': [[1, 9, 141, 4, 0], [0, 3, 0, 0, 0]], 'info': [155, 3, [72, 83, 2, 1]], 'left': {'index': 591, 'value': 0.1, 'pred': [[1, 8, 141, 3, 0], [0, 1, 0, 1, 0]], 'info': [153, 2, [71, 82, 1, 1]], 'left': {'index': 1801, 'value': 0.1, 'pred': [[1, 6, 140, 3, 0], [0, 2, 1, 0, 0]], 'info': [150, 3, [70, 80, 1, 2]], 'left': {'index': 234, 'value': 0.1, 'pred': [[0, 5, 139, 3, 0], [1, 1, 1, 0, 0]], 'info': [147, 3, [68, 79, 2, 1]], 'left': {'index': 1695, 'value': 0.2, 'pred': [[0, 4, 138, 2, 0], [0, 1, 1, 1, 0]], 'info': [144, 3, [66, 78, 2, 1]], 'left': {'index': 272, 'value': 0.1, 'pred': [[0, 2, 138, 2, 0], [0, 2, 0, 0, 0]], 'info': [142, 2, [66, 76, 0, 2]], 'left': {'index': 2807, 'value': 0.1, 'pred': [[0, 1, 138, 1, 0], [0, 1, 0, 1, 0]], 'info': [140, 2, [64, 76, 2, 0]], 'left': {'index': 82, 'value': 0.1, 'pred': [[0, 0, 138, 1, 0], [0, 1, 0, 0, 0]], 'info': [139, 1, [63, 76, 1, 0]], 'left': {'index': 203, 'value': 0.1, 'pred': [[0, 0, 138, 0, 0], [0, 0, 0, 1, 0]], 'info': [138, 1, [63, 75, 0, 1]], 'left': 2, 'right': 3}, 'right': 1}, 'right': 1}, 'right': 1}, 'right': 1}, 'right': 0}, 'right': 1}, 'right': 1}, 'right': 1}, 'right': {'index': 136, 'value': 0.1, 'pred': [[0, 4, 0, 0, 0], [0, 0, 1, 0, 0]], 'info': [4, 1, [3, 1, 1, 0]], 'left': 1, 'right': 2}}, 'right': 1}, 'right': 3}}, 'right': {'index': 1480, 'value': 0.1, 'pred': [[127, 2, 1, 2, 0], [0, 0, 0, 0, 5]], 'info': [132, 5, [76, 56, 1, 4]], 'left': {'index': 868, 'value': 0.1, 'pred': [[127, 2, 1, 0, 0], [0, 0, 0, 2, 0]], 'info': [130, 2, [75, 55, 1, 1]], 'left': {'index': 2869, 'value': 0.1, 'pred': [[126, 0, 1, 0, 0], [1, 2, 0, 0, 0]], 'info': [127, 3, [73, 54, 2, 1]], 'left': {'index': 55, 'value': 0.1, 'pred': [[126, 0, 0, 0, 0], [0, 0, 1, 0, 0]], 'info': [126, 1, [72, 54, 1, 0]], 'left': 0, 'right': 2}, 'right': 1}, 'right': 3}, 'right': 4}}
sklaern
Recall:88.8030888030888
Precision:89.29260600274948
!sklearn
Recall:86.17363344051448
Precision:86.98865945357022



seed = 322
sklearn
Recall:73.87387387387388
Precision:78.37096088641485
!sklearn
Recall:67.45980707395498
Precision:73.70180900011982
tree = {'index': 1124, 'value': 0.1, 'pred': [[410, 650, 644, 656, 658], [125, 2, 1, 3, 5]], 'info': [3018, 136, [1526, 1492, 67, 69]], 'left': {'index': 1583, 'value': 0.1, 'pred': [[409, 630, 499, 650, 658], [1, 20, 145, 6, 0]], 'info': [2846, 172, [1443, 1403, 83, 89]], 'left': {'index': 1005, 'value': 0.1, 'pred': [[404, 511, 491, 644, 656], [5, 119, 8, 6, 2]], 'info': [2706, 140, [1378, 1328, 65, 75]], 'left': {'index': 137, 'value': 0.1, 'pred': [[404, 509, 401, 639, 655], [0, 2, 90, 5, 1]], 'info': [2608, 98, [1326, 1282, 52, 46]], 'left': {'index': 787, 'value': 0.1, 'pred': [[404, 509, 401, 639, 573], [0, 0, 0, 0, 82]], 'info': [2526, 82, [1285, 1241, 41, 41]], 'left': {'index': 1138, 'value': 0.1, 'pred': [[404, 431, 397, 637, 573], [0, 78, 4, 2, 0]], 'info': [2442, 84, [1240, 1202, 45, 39]], 'left': {'index': 1444, 'value': 0.1, 'pred': [[333, 431, 396, 635, 571], [71, 0, 1, 2, 2]], 'info': [2366, 76, [1186, 1180, 54, 22]], 'left': {'index': 457, 'value': 0.1, 'pred': [[333, 431, 395, 569, 571], [0, 0, 1, 66, 0]], 'info': [2299, 67, [1148, 1151, 38, 29]], 'left': {'index': 189, 'value': 0.1, 'pred': [[286, 431, 395, 569, 571], [47, 0, 0, 0, 0]], 'info': [2252, 47, [1129, 1123, 19, 28]], 'left': {'index': 229, 'value': 0.1, 'pred': [[285, 431, 395, 569, 510], [1, 0, 0, 0, 61]], 'info': [2190, 62, [1074, 1116, 55, 7]], 'left': {'index': 1277, 'value': 0.1, 'pred': [[283, 367, 393, 562, 509], [2, 64, 2, 7, 1]], 'info': [2114, 76, [1041, 1073, 33, 43]], 'left': {'index': 1739, 'value': 0.1, 'pred': [[283, 364, 340, 555, 509], [0, 3, 53, 7, 0]], 'info': [2051, 63, [1019, 1032, 22, 41]], 'left': {'index': 1391, 'value': 0.1, 'pred': [[247, 364, 340, 555, 509], [36, 0, 0, 0, 0]], 'info': [2015, 36, [997, 1018, 22, 14]], 'left': {'index': 1743, 'value': 0.1, 'pred': [[213, 364, 340, 555, 509], [34, 0, 0, 0, 0]], 'info': [1981, 34, [984, 997, 13, 21]], 'left': {'index': 1664, 'value': 0.1, 'pred': [[213, 364, 340, 554, 462], [0, 0, 0, 1, 47]], 'info': [1933, 48, [963, 970, 21, 27]], 'left': {'index': 813, 'value': 0.1, 'pred': [[213, 364, 287, 534, 462], [0, 0, 53, 20, 0]], 'info': [1860, 73, [922, 938, 41, 32]], 'left': {'index': 2269, 'value': 0.1, 'pred': [[185, 363, 287, 533, 462], [28, 1, 0, 1, 0]], 'info': [1830, 30, [908, 922, 14, 16]], 'left': {'index': 1951, 'value': 0.1, 'pred': [[185, 363, 287, 533, 427], [0, 0, 0, 0, 35]], 'info': [1795, 35, [891, 904, 17, 18]], 'left': {'index': 1197, 'value': 0.1, 'pred': [[185, 363, 287, 533, 394], [0, 0, 0, 0, 33]], 'info': [1762, 33, [873, 889, 18, 15]], 'left': {'index': 1270, 'value': 0.1, 'pred': [[185, 363, 262, 533, 394], [0, 0, 25, 0, 0]], 'info': [1737, 25, [863, 874, 10, 15]], 'left': {'index': 1140, 'value': 0.1, 'pred': [[185, 332, 260, 532, 394], [0, 31, 2, 1, 0]], 'info': [1703, 34, [843, 860, 20, 14]], 'left': {'index': 1764, 'value': 0.1, 'pred': [[185, 331, 260, 532, 365], [0, 1, 0, 0, 29]], 'info': [1673, 30, [822, 851, 21, 9]], 'left': {'index': 410, 'value': 0.1, 'pred': [[185, 327, 234, 532, 365], [0, 4, 26, 0, 0]], 'info': [1643, 30, [808, 835, 14, 16]], 'left': {'index': 2070, 'value': 0.1, 'pred': [[185, 327, 213, 532, 365], [0, 0, 21, 0, 0]], 'info': [1622, 21, [799, 823, 9, 12]], 'left': {'index': 2174, 'value': 0.1, 'pred': [[185, 327, 194, 532, 365], [0, 0, 19, 0, 0]], 'info': [1603, 19, [788, 815, 11, 8]], 'left': {'index': 2069, 'value': 0.1, 'pred': [[185, 327, 188, 486, 361], [0, 0, 6, 46, 4]], 'info': [1547, 56, [750, 797, 38, 18]], 'left': {'index': 2043, 'value': 0.1, 'pred': [[185, 305, 188, 486, 361], [0, 22, 0, 0, 0]], 'info': [1525, 22, [738, 787, 12, 10]], 'left': {'index': 158, 'value': 0.1, 'pred': [[166, 305, 188, 486, 360], [19, 0, 0, 0, 1]], 'info': [1505, 20, [730, 775, 8, 12]], 'left': {'index': 1474, 'value': 0.1, 'pred': [[166, 305, 188, 486, 339], [0, 0, 0, 0, 21]], 'info': [1484, 21, [722, 762, 8, 13]], 'left': {'index': 2192, 'value': 0.1, 'pred': [[165, 304, 188, 447, 333], [1, 1, 0, 39, 6]], 'info': [1437, 47, [707, 730, 15, 32]], 'left': {'index': 765, 'value': 0.1, 'pred': [[164, 303, 188, 447, 311], [1, 1, 0, 0, 22]], 'info': [1413, 24, [696, 717, 11, 13]], 'left': {'index': 1997, 'value': 0.1, 'pred': [[164, 297, 183, 406, 310], [0, 6, 5, 41, 1]], 'info': [1360, 53, [675, 685, 21, 32]], 'left': {'index': 595, 'value': 0.2, 'pred': [[163, 297, 182, 380, 310], [1, 0, 1, 26, 0]], 'info': [1332, 28, [668, 664, 7, 21]], 'left': {'index': 1962, 'value': 0.1, 'pred': [[163, 297, 167, 380, 310], [0, 0, 15, 0, 0]], 'info': [1317, 15, [658, 659, 10, 5]], 'left': {'index': 237, 'value': 0.2, 'pred': [[163, 297, 165, 356, 310], [0, 0, 2, 24, 0]], 'info': [1291, 26, [651, 640, 7, 19]], 'left': {'index': 816, 'value': 0.1, 'pred': [[163, 297, 165, 356, 292], [0, 0, 0, 0, 18]], 'info': [1273, 18, [642, 631, 9, 9]], 'left': {'index': 442, 'value': 0.1, 'pred': [[163, 293, 157, 325, 292], [0, 4, 8, 31, 0]], 'info': [1230, 43, [621, 609, 21, 22]], 'left': {'index': 1411, 'value': 0.1, 'pred': [[150, 293, 157, 325, 292], [13, 0, 0, 0, 0]], 'info': [1217, 13, [616, 601, 5, 8]], 'left': {'index': 365, 'value': 0.1, 'pred': [[150, 293, 157, 325, 276], [0, 0, 0, 0, 16]], 'info': [1201, 16, [608, 593, 8, 8]], 'left': {'index': 1549, 'value': 0.1, 'pred': [[138, 293, 157, 325, 276], [12, 0, 0, 0, 0]], 'info': [1189, 12, [602, 587, 6, 6]], 'left': {'index': 300, 'value': 0.1, 'pred': [[137, 291, 157, 324, 256], [1, 2, 0, 1, 20]], 'info': [1165, 24, [594, 571, 8, 16]], 'left': {'index': 2490, 'value': 0.1, 'pred': [[137, 291, 157, 322, 239], [0, 0, 0, 2, 17]], 'info': [1146, 19, [587, 559, 7, 12]], 'left': {'index': 1313, 'value': 0.1, 'pred': [[137, 291, 157, 322, 225], [0, 0, 0, 0, 14]], 'info': [1132, 14, [584, 548, 3, 11]], 'left': {'index': 737, 'value': 0.1, 'pred': [[137, 291, 157, 322, 212], [0, 0, 0, 0, 13]], 'info': [1119, 13, [576, 543, 8, 5]], 'left': {'index': 117, 'value': 0.1, 'pred': [[137, 276, 157, 322, 212], [0, 15, 0, 0, 0]], 'info': [1104, 15, [566, 538, 10, 5]], 'left': {'index': 101, 'value': 0.1, 'pred': [[137, 276, 157, 306, 212], [0, 0, 0, 16, 0]], 'info': [1088, 16, [553, 535, 13, 3]], 'left': {'index': 2899, 'value': 0.1, 'pred': [[137, 276, 157, 290, 212], [0, 0, 0, 16, 0]], 'info': [1072, 16, [542, 530, 11, 5]], 'left': {'index': 1689, 'value': 0.1, 'pred': [[137, 276, 157, 290, 200], [0, 0, 0, 0, 12]], 'info': [1060, 12, [535, 525, 7, 5]], 'left': {'index': 1115, 'value': 0.1, 'pred': [[137, 262, 157, 290, 200], [0, 14, 0, 0, 0]], 'info': [1046, 14, [527, 519, 8, 6]], 'left': {'index': 2038, 'value': 0.1, 'pred': [[134, 238, 154, 289, 197], [3, 24, 3, 1, 3]], 'info': [1012, 34, [506, 506, 21, 13]], 'left': {'index': 516, 'value': 0.1, 'pred': [[134, 225, 154, 289, 197], [0, 13, 0, 0, 0]], 'info': [999, 13, [503, 496, 3, 10]], 'left': {'index': 1924, 'value': 0.1, 'pred': [[134, 225, 154, 288, 184], [0, 0, 0, 1, 13]], 'info': [985, 14, [494, 491, 9, 5]], 'left': {'index': 2518, 'value': 0.1, 'pred': [[134, 225, 154, 274, 184], [0, 0, 0, 14, 0]], 'info': [971, 14, [494, 477, 0, 14]], 'left': 3, 'right': 3}, 'right': {'index': 23, 'value': 0.1, 'pred': [[0, 0, 0, 0, 13], [0, 0, 0, 1, 0]], 'info': [13, 1, [9, 4, 0, 1]], 'left': 4, 'right': 3}}, 'right': 1}, 'right': {'index': 1835, 'value': 0.1, 'pred': [[1, 24, 3, 1, 2], [2, 0, 0, 0, 1]], 'info': [31, 3, [20, 11, 1, 2]], 'left': {'index': 1218, 'value': 0.1, 'pred': [[1, 24, 3, 1, 0], [0, 0, 0, 0, 2]], 'info': [29, 2, [20, 9, 0, 2]], 'left': {'index': 1966, 'value': 0.1, 'pred': [[0, 24, 3, 0, 0], [1, 0, 0, 1, 0]], 'info': [27, 2, [19, 8, 1, 1]], 'left': 1, 'right': 0}, 'right': 4}, 'right': 0}}, 'right': 1}, 'right': 4}, 'right': 3}, 'right': 3}, 'right': 1}, 'right': 4}, 'right': 4}, 'right': {'index': 47, 'value': 0.1, 'pred': [[0, 0, 0, 0, 17], [0, 0, 0, 2, 0]], 'info': [17, 2, [7, 10, 0, 2]], 'left': 4, 'right': 3}}, 'right': {'index': 324, 'value': 0.1, 'pred': [[1, 2, 0, 0, 20], [0, 0, 0, 1, 0]], 'info': [23, 1, [8, 15, 0, 1]], 'left': {'index': 2959, 'value': 0.1, 'pred': [[0, 2, 0, 0, 19], [1, 0, 0, 0, 1]], 'info': [21, 2, [7, 14, 1, 1]], 'left': {'index': 143, 'value': 0.1, 'pred': [[0, 1, 0, 0, 19], [0, 1, 0, 0, 0]], 'info': [20, 1, [7, 13, 0, 1]], 'left': {'index': 219, 'value': 0.1, 'pred': [[0, 0, 0, 0, 19], [0, 1, 0, 0, 0]], 'info': [19, 1, [6, 13, 1, 0]], 'left': 4, 'right': 1}, 'right': 1}, 'right': 0}, 'right': 3}}, 'right': 0}, 'right': 4}, 'right': 0}, 'right': {'index': 951, 'value': 0.1, 'pred': [[0, 2, 8, 31, 0], [0, 2, 0, 0, 0]], 'info': [41, 2, [20, 21, 1, 1]], 'left': {'index': 89, 'value': 0.1, 'pred': [[0, 2, 6, 31, 0], [0, 0, 2, 0, 0]], 'info': [39, 2, [19, 20, 1, 1]], 'left': {'index': 2474, 'value': 0.1, 'pred': [[0, 2, 3, 30, 0], [0, 0, 3, 1, 0]], 'info': [35, 4, [16, 19, 3, 1]], 'left': {'index': 1186, 'value': 0.1, 'pred': [[0, 2, 1, 30, 0], [0, 0, 2, 0, 0]], 'info': [33, 2, [16, 17, 0, 2]], 'left': {'index': 1617, 'value': 0.1, 'pred': [[0, 1, 0, 30, 0], [0, 1, 1, 0, 0]], 'info': [31, 2, [15, 16, 1, 1]], 'left': {'index': 404, 'value': 0.1, 'pred': [[0, 0, 0, 30, 0], [0, 1, 0, 0, 0]], 'info': [30, 1, [14, 16, 1, 0]], 'left': 3, 'right': 1}, 'right': 1}, 'right': 2}, 'right': 2}, 'right': 2}, 'right': 1}}, 'right': 4}, 'right': {'index': 58, 'value': 0.1, 'pred': [[0, 0, 1, 24, 0], [0, 0, 1, 0, 0]], 'info': [25, 1, [7, 18, 0, 1]], 'left': {'index': 522, 'value': 0.1, 'pred': [[0, 0, 0, 24, 0], [0, 0, 1, 0, 0]], 'info': [24, 1, [6, 18, 1, 0]], 'left': 3, 'right': 2}, 'right': 2}}, 'right': 2}, 'right': {'index': 15, 'value': 0.1, 'pred': [[1, 0, 0, 26, 0], [0, 0, 1, 0, 0]], 'info': [27, 1, [6, 21, 1, 0]], 'left': {'index': 107, 'value': 0.1, 'pred': [[0, 0, 0, 26, 0], [1, 0, 0, 0, 0]], 'info': [26, 1, [6, 20, 0, 1]], 'left': 3, 'right': 0}, 'right': 2}}, 'right': {'index': 861, 'value': 0.1, 'pred': [[0, 2, 5, 41, 1], [0, 4, 0, 0, 0]], 'info': [49, 4, [19, 30, 2, 2]], 'left': {'index': 1266, 'value': 0.1, 'pred': [[0, 2, 3, 41, 1], [0, 0, 2, 0, 0]], 'info': [47, 2, [19, 28, 0, 2]], 'left': {'index': 2232, 'value': 0.1, 'pred': [[0, 2, 1, 40, 1], [0, 0, 2, 1, 0]], 'info': [44, 3, [18, 26, 1, 2]], 'left': {'index': 4, 'value': 0.1, 'pred': [[0, 2, 1, 40, 0], [0, 0, 0, 0, 1]], 'info': [43, 1, [17, 26, 1, 0]], 'left': {'index': 2582, 'value': 0.1, 'pred': [[0, 2, 0, 40, 0], [0, 0, 1, 0, 0]], 'info': [42, 1, [17, 25, 0, 1]], 'left': {'index': 15, 'value': 0.1, 'pred': [[0, 1, 0, 40, 0], [0, 1, 0, 0, 0]], 'info': [41, 1, [17, 24, 0, 1]], 'left': {'index': 209, 'value': 0.1, 'pred': [[0, 0, 0, 40, 0], [0, 1, 0, 0, 0]], 'info': [40, 1, [16, 24, 1, 0]], 'left': 3, 'right': 1}, 'right': 1}, 'right': 2}, 'right': 4}, 'right': 2}, 'right': 2}, 'right': 1}}, 'right': {'index': 1, 'value': 0.1, 'pred': [[0, 1, 0, 0, 22], [1, 0, 0, 0, 0]], 'info': [23, 1, [11, 12, 0, 1]], 'left': {'index': 203, 'value': 0.1, 'pred': [[0, 0, 0, 0, 22], [0, 1, 0, 0, 0]], 'info': [22, 1, [10, 12, 1, 0]], 'left': 4, 'right': 1}, 'right': 0}}, 'right': {'index': 1110, 'value': 0.4, 'pred': [[1, 1, 0, 36, 1], [0, 0, 0, 3, 5]], 'info': [39, 8, [12, 27, 3, 5]], 'left': {'index': 75, 'value': 0.1, 'pred': [[0, 1, 0, 36, 1], [1, 0, 0, 0, 0]], 'info': [38, 1, [12, 26, 0, 1]], 'left': {'index': 53, 'value': 0.1, 'pred': [[0, 1, 0, 36, 0], [0, 0, 0, 0, 1]], 'info': [37, 1, [11, 26, 1, 0]], 'left': {'index': 1482, 'value': 0.1, 'pred': [[0, 0, 0, 36, 0], [0, 1, 0, 0, 0]], 'info': [36, 1, [11, 25, 0, 1]], 'left': 3, 'right': 1}, 'right': 4}, 'right': 0}, 'right': {'index': 71, 'value': 0.1, 'pred': [[0, 0, 0, 1, 0], [0, 0, 0, 2, 5]], 'info': [1, 7, [0, 1, 3, 4]], 'left': 3, 'right': {'index': 319, 'value': 0.1, 'pred': [[0, 0, 0, 1, 5], [0, 0, 0, 1, 0]], 'info': [6, 1, [3, 3, 0, 1]], 'left': {'index': 428, 'value': 0.1, 'pred': [[0, 0, 0, 0, 5], [0, 0, 0, 1, 0]], 'info': [5, 1, [2, 3, 1, 0]], 'left': 4, 'right': 3}, 'right': 3}}}}, 'right': 4}, 'right': {'index': 81, 'value': 0.1, 'pred': [[19, 0, 0, 0, 0], [0, 0, 0, 0, 1]], 'info': [19, 1, [8, 11, 0, 1]], 'left': 0, 'right': 4}}, 'right': 1}, 'right': {'index': 281, 'value': 0.1, 'pred': [[0, 0, 3, 46, 1], [0, 0, 3, 0, 3]], 'info': [50, 6, [35, 15, 3, 3]], 'left': {'index': 2528, 'value': 0.1, 'pred': [[0, 0, 1, 46, 1], [0, 0, 2, 0, 0]], 'info': [48, 2, [34, 14, 1, 1]], 'left': {'index': 40, 'value': 0.1, 'pred': [[0, 0, 0, 46, 1], [0, 0, 1, 0, 0]], 'info': [47, 1, [33, 14, 1, 0]], 'left': {'index': 91, 'value': 0.1, 'pred': [[0, 0, 0, 46, 0], [0, 0, 0, 0, 1]], 'info': [46, 1, [32, 14, 1, 0]], 'left': 3, 'right': 4}, 'right': 2}, 'right': 2}, 'right': {'index': 32, 'value': 0.1, 'pred': [[0, 0, 3, 0, 1], [0, 0, 0, 0, 2]], 'info': [4, 2, [1, 3, 2, 0]], 'left': 2, 'right': 4}}}, 'right': 2}, 'right': 2}, 'right': {'index': 747, 'value': 0.1, 'pred': [[0, 0, 26, 0, 0], [0, 4, 0, 0, 0]], 'info': [26, 4, [12, 14, 2, 2]], 'left': 2, 'right': 1}}, 'right': {'index': 34, 'value': 0.1, 'pred': [[0, 0, 0, 0, 29], [0, 1, 0, 0, 0]], 'info': [29, 1, [20, 9, 1, 0]], 'left': 4, 'right': 1}}, 'right': {'index': 353, 'value': 0.1, 'pred': [[0, 31, 0, 1, 0], [0, 0, 2, 0, 0]], 'info': [32, 2, [18, 14, 2, 0]], 'left': {'index': 175, 'value': 0.1, 'pred': [[0, 31, 0, 0, 0], [0, 0, 0, 1, 0]], 'info': [31, 1, [18, 13, 0, 1]], 'left': 1, 'right': 3}, 'right': 2}}, 'right': 2}, 'right': 4}, 'right': 4}, 'right': {'index': 65, 'value': 0.1, 'pred': [[28, 0, 0, 1, 0], [0, 1, 0, 0, 0]], 'info': [29, 1, [14, 15, 0, 1]], 'left': {'index': 122, 'value': 0.1, 'pred': [[28, 0, 0, 0, 0], [0, 0, 0, 1, 0]], 'info': [28, 1, [14, 14, 0, 1]], 'left': 0, 'right': 3}, 'right': 1}}, 'right': {'index': 2464, 'value': 0.1, 'pred': [[0, 0, 53, 15, 0], [0, 0, 0, 5, 0]], 'info': [68, 5, [37, 31, 4, 1]], 'left': {'index': 525, 'value': 0.1, 'pred': [[0, 0, 53, 11, 0], [0, 0, 0, 4, 0]], 'info': [64, 4, [33, 31, 4, 0]], 'left': {'index': 1750, 'value': 0.1, 'pred': [[0, 0, 53, 8, 0], [0, 0, 0, 3, 0]], 'info': [61, 3, [30, 31, 3, 0]], 'left': {'index': 101, 'value': 0.1, 'pred': [[0, 0, 53, 6, 0], [0, 0, 0, 2, 0]], 'info': [59, 2, [30, 29, 0, 2]], 'left': {'index': 114, 'value': 0.1, 'pred': [[0, 0, 53, 4, 0], [0, 0, 0, 2, 0]], 'info': [57, 2, [30, 27, 0, 2]], 'left': {'index': 2831, 'value': 0.1, 'pred': [[0, 0, 53, 2, 0], [0, 0, 0, 2, 0]], 'info': [55, 2, [30, 25, 0, 2]], 'left': {'index': 285, 'value': 0.1, 'pred': [[0, 0, 53, 1, 0], [0, 0, 0, 1, 0]], 'info': [54, 1, [30, 24, 0, 1]], 'left': {'index': 637, 'value': 0.1, 'pred': [[0, 0, 53, 0, 0], [0, 0, 0, 1, 0]], 'info': [53, 1, [30, 23, 0, 1]], 'left': 2, 'right': 3}, 'right': 3}, 'right': 3}, 'right': 3}, 'right': 3}, 'right': 3}, 'right': 3}, 'right': 3}}, 'right': {'index': 33, 'value': 0.1, 'pred': [[0, 0, 0, 0, 47], [0, 0, 0, 1, 0]], 'info': [47, 1, [21, 26, 0, 1]], 'left': 4, 'right': 3}}, 'right': 0}, 'right': 0}, 'right': {'index': 770, 'value': 0.1, 'pred': [[0, 1, 51, 5, 0], [0, 2, 2, 2, 0]], 'info': [57, 6, [18, 39, 4, 2]], 'left': {'index': 296, 'value': 0.1, 'pred': [[0, 1, 50, 3, 0], [0, 0, 1, 2, 0]], 'info': [54, 3, [16, 38, 2, 1]], 'left': {'index': 2665, 'value': 0.1, 'pred': [[0, 0, 49, 3, 0], [0, 1, 1, 0, 0]], 'info': [52, 2, [15, 37, 1, 1]], 'left': {'index': 285, 'value': 0.1, 'pred': [[0, 0, 48, 2, 0], [0, 0, 1, 1, 0]], 'info': [50, 2, [14, 36, 1, 1]], 'left': {'index': 183, 'value': 0.1, 'pred': [[0, 0, 48, 1, 0], [0, 0, 0, 1, 0]], 'info': [49, 1, [13, 36, 1, 0]], 'left': {'index': 464, 'value': 0.1, 'pred': [[0, 0, 48, 0, 0], [0, 0, 0, 1, 0]], 'info': [48, 1, [13, 35, 0, 1]], 'left': 2, 'right': 3}, 'right': 3}, 'right': 2}, 'right': 1}, 'right': 3}, 'right': {'index': 1400, 'value': 0.1, 'pred': [[0, 2, 0, 2, 0], [0, 0, 2, 0, 0]], 'info': [4, 2, [4, 0, 0, 2]], 'left': 1, 'right': 2}}}, 'right': {'index': 1684, 'value': 0.1, 'pred': [[2, 64, 2, 2, 0], [0, 0, 0, 5, 1]], 'info': [70, 6, [30, 40, 3, 3]], 'left': {'index': 15, 'value': 0.1, 'pred': [[2, 64, 2, 1, 0], [0, 0, 0, 1, 0]], 'info': [69, 1, [30, 39, 0, 1]], 'left': {'index': 716, 'value': 0.1, 'pred': [[2, 64, 2, 0, 0], [0, 0, 0, 1, 0]], 'info': [68, 1, [30, 38, 0, 1]], 'left': {'index': 192, 'value': 0.1, 'pred': [[1, 64, 2, 0, 0], [1, 0, 0, 0, 0]], 'info': [67, 1, [30, 37, 0, 1]], 'left': {'index': 573, 'value': 0.1, 'pred': [[0, 64, 2, 0, 0], [1, 0, 0, 0, 0]], 'info': [66, 1, [30, 36, 0, 1]], 'left': {'index': 717, 'value': 0.1, 'pred': [[0, 63, 1, 0, 0], [0, 1, 1, 0, 0]], 'info': [64, 2, [29, 35, 1, 1]], 'left': {'index': 293, 'value': 0.1, 'pred': [[0, 63, 0, 0, 0], [0, 0, 1, 0, 0]], 'info': [63, 1, [28, 35, 1, 0]], 'left': 1, 'right': 2}, 'right': 1}, 'right': 0}, 'right': 0}, 'right': 3}, 'right': 3}, 'right': {'index': 4, 'value': 0.1, 'pred': [[0, 0, 0, 5, 0], [0, 0, 0, 0, 1]], 'info': [5, 1, [2, 3, 1, 0]], 'left': 3, 'right': 4}}}, 'right': {'index': 71, 'value': 0.1, 'pred': [[0, 0, 0, 0, 61], [1, 0, 0, 0, 0]], 'info': [61, 1, [55, 6, 0, 1]], 'left': 4, 'right': 0}}, 'right': 0}, 'right': {'index': 111, 'value': 0.1, 'pred': [[0, 0, 0, 66, 0], [0, 0, 1, 0, 0]], 'info': [66, 1, [37, 29, 1, 0]], 'left': 3, 'right': 2}}, 'right': {'index': 2014, 'value': 0.1, 'pred': [[71, 0, 0, 1, 2], [0, 0, 1, 1, 0]], 'info': [74, 2, [54, 20, 0, 2]], 'left': {'index': 933, 'value': 0.1, 'pred': [[71, 0, 0, 0, 1], [0, 0, 0, 1, 1]], 'info': [72, 2, [52, 20, 2, 0]], 'left': {'index': 25, 'value': 0.1, 'pred': [[71, 0, 0, 0, 0], [0, 0, 0, 0, 1]], 'info': [71, 1, [51, 20, 1, 0]], 'left': 0, 'right': 4}, 'right': 3}, 'right': 2}}, 'right': {'index': 1923, 'value': 0.1, 'pred': [[0, 75, 3, 1, 0], [0, 3, 1, 1, 0]], 'info': [79, 5, [43, 36, 2, 3]], 'left': {'index': 337, 'value': 0.1, 'pred': [[0, 74, 3, 0, 0], [0, 1, 0, 1, 0]], 'info': [77, 2, [42, 35, 1, 1]], 'left': {'index': 611, 'value': 0.1, 'pred': [[0, 73, 2, 0, 0], [0, 1, 1, 0, 0]], 'info': [75, 2, [41, 34, 1, 1]], 'left': {'index': 827, 'value': 0.1, 'pred': [[0, 72, 1, 0, 0], [0, 1, 1, 0, 0]], 'info': [73, 2, [40, 33, 1, 1]], 'left': {'index': 325, 'value': 0.1, 'pred': [[0, 72, 0, 0, 0], [0, 0, 1, 0, 0]], 'info': [72, 1, [39, 33, 1, 0]], 'left': 1, 'right': 2}, 'right': 1}, 'right': 1}, 'right': 1}, 'right': {'index': 42, 'value': 0.1, 'pred': [[0, 3, 0, 1, 0], [0, 0, 1, 0, 0]], 'info': [4, 1, [1, 3, 1, 0]], 'left': 1, 'right': 2}}}, 'right': 4}, 'right': {'index': 281, 'value': 0.1, 'pred': [[0, 2, 89, 3, 1], [0, 0, 1, 2, 0]], 'info': [95, 3, [51, 44, 1, 2]], 'left': {'index': 453, 'value': 0.1, 'pred': [[0, 2, 89, 3, 0], [0, 0, 0, 0, 1]], 'info': [94, 1, [51, 43, 0, 1]], 'left': {'index': 558, 'value': 0.1, 'pred': [[0, 1, 89, 3, 0], [0, 1, 0, 0, 0]], 'info': [93, 1, [51, 42, 0, 1]], 'left': {'index': 600, 'value': 0.1, 'pred': [[0, 0, 89, 3, 0], [0, 1, 0, 0, 0]], 'info': [92, 1, [50, 42, 1, 0]], 'left': {'index': 194, 'value': 0.1, 'pred': [[0, 0, 89, 2, 0], [0, 0, 0, 1, 0]], 'info': [91, 1, [50, 41, 0, 1]], 'left': {'index': 333, 'value': 0.1, 'pred': [[0, 0, 89, 1, 0], [0, 0, 0, 1, 0]], 'info': [90, 1, [50, 40, 0, 1]], 'left': {'index': 462, 'value': 0.1, 'pred': [[0, 0, 89, 0, 0], [0, 0, 0, 1, 0]], 'info': [89, 1, [50, 39, 0, 1]], 'left': 2, 'right': 3}, 'right': 3}, 'right': 3}, 'right': 1}, 'right': 1}, 'right': 4}, 'right': 3}}, 'right': {'index': 2111, 'value': 0.1, 'pred': [[5, 117, 3, 4, 2], [0, 2, 5, 2, 0]], 'info': [131, 9, [62, 69, 3, 6]], 'left': {'index': 189, 'value': 0.1, 'pred': [[2, 117, 3, 4, 2], [3, 0, 0, 0, 0]], 'info': [128, 3, [59, 69, 3, 0]], 'left': {'index': 2384, 'value': 0.1, 'pred': [[2, 117, 3, 2, 2], [0, 0, 0, 2, 0]], 'info': [126, 2, [59, 67, 0, 2]], 'left': {'index': 976, 'value': 0.2, 'pred': [[1, 117, 3, 2, 1], [1, 0, 0, 0, 1]], 'info': [124, 2, [59, 65, 0, 2]], 'left': {'index': 225, 'value': 0.1, 'pred': [[0, 117, 3, 2, 1], [1, 0, 0, 0, 0]], 'info': [123, 1, [58, 65, 1, 0]], 'left': {'index': 315, 'value': 0.1, 'pred': [[0, 117, 3, 2, 0], [0, 0, 0, 0, 1]], 'info': [122, 1, [57, 65, 1, 0]], 'left': {'index': 518, 'value': 0.1, 'pred': [[0, 117, 3, 1, 0], [0, 0, 0, 1, 0]], 'info': [121, 1, [56, 65, 1, 0]], 'left': {'index': 785, 'value': 0.1, 'pred': [[0, 117, 3, 0, 0], [0, 0, 0, 1, 0]], 'info': [120, 1, [56, 64, 0, 1]], 'left': {'index': 34, 'value': 0.1, 'pred': [[0, 117, 2, 0, 0], [0, 0, 1, 0, 0]], 'info': [119, 1, [56, 63, 0, 1]], 'left': {'index': 480, 'value': 0.1, 'pred': [[0, 117, 1, 0, 0], [0, 0, 1, 0, 0]], 'info': [118, 1, [56, 62, 0, 1]], 'left': {'index': 680, 'value': 0.1, 'pred': [[0, 117, 0, 0, 0], [0, 0, 1, 0, 0]], 'info': [117, 1, [55, 62, 1, 0]], 'left': 1, 'right': 2}, 'right': 2}, 'right': 2}, 'right': 3}, 'right': 3}, 'right': 4}, 'right': 0}, 'right': 0}, 'right': 3}, 'right': 0}, 'right': {'index': 2254, 'value': 0.1, 'pred': [[0, 2, 5, 0, 0], [0, 0, 0, 2, 0]], 'info': [7, 2, [2, 5, 1, 1]], 'left': {'index': 2836, 'value': 0.1, 'pred': [[0, 0, 4, 0, 0], [0, 2, 1, 0, 0]], 'info': [4, 3, [2, 2, 0, 3]], 'left': 2, 'right': 1}, 'right': 3}}}, 'right': {'index': 117, 'value': 0.1, 'pred': [[1, 15, 145, 6, 0], [0, 5, 0, 0, 0]], 'info': [167, 5, [81, 86, 2, 3]], 'left': {'index': 2001, 'value': 0.1, 'pred': [[1, 10, 145, 6, 0], [0, 5, 0, 0, 0]], 'info': [162, 5, [77, 85, 4, 1]], 'left': {'index': 1138, 'value': 0.1, 'pred': [[1, 6, 144, 6, 0], [0, 4, 1, 0, 0]], 'info': [157, 5, [75, 82, 2, 3]], 'left': {'index': 270, 'value': 0.1, 'pred': [[1, 3, 144, 6, 0], [0, 3, 0, 0, 0]], 'info': [154, 3, [75, 79, 0, 3]], 'left': {'index': 1291, 'value': 0.1, 'pred': [[1, 1, 144, 5, 0], [0, 2, 0, 1, 0]], 'info': [151, 3, [74, 77, 1, 2]], 'left': {'index': 342, 'value': 0.1, 'pred': [[1, 1, 144, 3, 0], [0, 0, 0, 2, 0]], 'info': [149, 2, [74, 75, 0, 2]], 'left': {'index': 268, 'value': 0.1, 'pred': [[0, 1, 144, 3, 0], [1, 0, 0, 0, 0]], 'info': [148, 1, [74, 74, 0, 1]], 'left': {'index': 1958, 'value': 0.1, 'pred': [[0, 0, 138, 1, 0], [0, 1, 6, 2, 0]], 'info': [139, 9, [70, 69, 4, 5]], 'left': {'index': 569, 'value': 0.1, 'pred': [[0, 0, 138, 0, 0], [0, 0, 0, 1, 0]], 'info': [138, 1, [69, 69, 1, 0]], 'left': 2, 'right': 3}, 'right': {'index': 1835, 'value': 0.1, 'pred': [[0, 0, 6, 1, 0], [0, 1, 0, 1, 0]], 'info': [7, 2, [3, 4, 1, 1]], 'left': {'index': 38, 'value': 0.1, 'pred': [[0, 0, 6, 0, 0], [0, 0, 0, 1, 0]], 'info': [6, 1, [2, 4, 1, 0]], 'left': 2, 'right': 3}, 'right': 1}}, 'right': 0}, 'right': 3}, 'right': 1}, 'right': 1}, 'right': {'index': 352, 'value': 0.1, 'pred': [[0, 4, 0, 0, 0], [0, 0, 1, 0, 0]], 'info': [4, 1, [2, 2, 0, 1]], 'left': 1, 'right': 2}}, 'right': 1}, 'right': 1}}, 'right': {'index': 1474, 'value': 0.1, 'pred': [[125, 2, 1, 3, 0], [0, 0, 0, 0, 5]], 'info': [131, 5, [67, 64, 0, 5]], 'left': {'index': 857, 'value': 0.1, 'pred': [[125, 2, 1, 1, 0], [0, 0, 0, 2, 0]], 'info': [129, 2, [66, 63, 1, 1]], 'left': {'index': 12, 'value': 0.1, 'pred': [[125, 2, 1, 0, 0], [0, 0, 0, 1, 0]], 'info': [128, 1, [66, 62, 0, 1]], 'left': {'index': 407, 'value': 0.1, 'pred': [[125, 2, 0, 0, 0], [0, 0, 1, 0, 0]], 'info': [127, 1, [66, 61, 0, 1]], 'left': {'index': 109, 'value': 0.1, 'pred': [[125, 1, 0, 0, 0], [0, 1, 0, 0, 0]], 'info': [126, 1, [65, 61, 1, 0]], 'left': {'index': 643, 'value': 0.1, 'pred': [[125, 0, 0, 0, 0], [0, 1, 0, 0, 0]], 'info': [125, 1, [65, 60, 0, 1]], 'left': 0, 'right': 1}, 'right': 1}, 'right': 2}, 'right': 3}, 'right': 3}, 'right': 4}}
sklaern
Recall:88.67438867438867
Precision:89.10156297455696
!sklearn
Recall:87.65273311897106
Precision:88.21204091649673

{'index': 1119, 'value': 0.1, 'pred': [[358, 582, 577, 589, 593], [122, 2, 1, 2, 1]], 'info': [2699, 128, [1322, 1377, 62, 66]], 'left': {'index': 134, 'value': 0.1, 'pred': [[357, 580, 465, 580, 593], [1, 2, 112, 9, 0]], 'info': [2575, 124, [1255, 1320, 67, 57]], 'left': {'index': 1581, 'value': 0.1, 'pred': [[356, 560, 358, 577, 593], [1, 20, 107, 3, 0]], 'info': [2444, 131, [1192, 1252, 63, 68]], 'left': {'index': 224, 'value': 0.1, 'pred': [[356, 560, 358, 577, 504], [0, 0, 0, 0, 89]], 'info': [2355, 89, [1151, 1204, 41, 48]], 'left': {'index': 1442, 'value': 0.1, 'pred': [[280, 560, 358, 574, 501], [76, 0, 0, 3, 3]], 'info': [2273, 82, [1108, 1165, 43, 39]], 'left': {'index': 990, 'value': 0.1, 'pred': [[276, 454, 353, 569, 499], [4, 106, 5, 5, 2]], 'info': [2151, 122, [1046, 1105, 62, 60]], 'left': {'index': 1135, 'value': 0.1, 'pred': [[276, 383, 348, 568, 499], [0, 71, 5, 1, 0]], 'info': [2074, 77, [1008, 1066, 38, 39]], 'left': {'index': 770, 'value': 0.1, 'pred': [[276, 383, 348, 568, 442], [0, 0, 0, 0, 57]], 'info': [2017, 57, [988, 1029, 20, 37]], 'left': {'index': 1029, 'value': 0.1, 'pred': [[274, 383, 348, 563, 383], [2, 0, 0, 5, 59]], 'info': [1951, 66, [963, 988, 25, 41]], 'left': {'index': 438, 'value': 0.1, 'pred': [[274, 383, 347, 503, 383], [0, 0, 1, 60, 0]], 'info': [1890, 61, [931, 959, 32, 29]], 'left': {'index': 2257, 'value': 0.1, 'pred': [[234, 383, 347, 503, 383], [40, 0, 0, 0, 0]], 'info': [1850, 40, [906, 944, 25, 15]], 'left': {'index': 1387, 'value': 0.1, 'pred': [[201, 383, 347, 503, 383], [33, 0, 0, 0, 0]], 'info': [1817, 33, [893, 924, 13, 20]], 'left': {'index': 2163, 'value': 0.1, 'pred': [[201, 381, 309, 503, 383], [0, 2, 38, 0, 0]], 'info': [1777, 40, [874, 903, 19, 21]], 'left': {'index': 1272, 'value': 0.1, 'pred': [[200, 333, 306, 499, 381], [1, 48, 3, 4, 2]], 'info': [1719, 58, [858, 861, 16, 42]], 'left': {'index': 749, 'value': 0.1, 'pred': [[199, 332, 306, 499, 344], [1, 1, 0, 0, 37]], 'info': [1680, 39, [837, 843, 21, 18]], 'left': {'index': 79, 'value': 0.1, 'pred': [[199, 301, 306, 499, 344], [0, 31, 0, 0, 0]], 'info': [1649, 31, [822, 827, 15, 16]], 'left': {'index': 1736, 'value': 0.1, 'pred': [[174, 301, 306, 499, 344], [25, 0, 0, 0, 0]], 'info': [1624, 25, [814, 810, 8, 17]], 'left': {'index': 183, 'value': 0.1, 'pred': [[150, 301, 306, 499, 344], [24, 0, 0, 0, 0]], 'info': [1600, 24, [801, 799, 13, 11]], 'left': {'index': 796, 'value': 0.1, 'pred': [[149, 301, 263, 481, 344], [1, 0, 43, 18, 0]], 'info': [1538, 62, [770, 768, 31, 31]], 'left': {'index': 1136, 'value': 0.1, 'pred': [[149, 272, 261, 479, 344], [0, 29, 2, 2, 0]], 'info': [1505, 33, [753, 752, 17, 16]], 'left': {'index': 2059, 'value': 0.1, 'pred': [[149, 272, 250, 429, 341], [0, 0, 11, 50, 3]], 'info': [1441, 64, [719, 722, 34, 30]], 'left': {'index': 2470, 'value': 0.1, 'pred': [[149, 272, 224, 425, 341], [0, 0, 26, 4, 0]], 'info': [1411, 30, [707, 704, 12, 18]], 'left': {'index': 2786, 'value': 0.1, 'pred': [[149, 272, 224, 425, 318], [0, 0, 0, 0, 23]], 'info': [1388, 23, [696, 692, 11, 12]], 'left': {'index': 1960, 'value': 0.1, 'pred': [[118, 271, 221, 420, 303], [31, 1, 3, 5, 15]], 'info': [1333, 55, [664, 669, 32, 23]], 'left': {'index': 2060, 'value': 0.1, 'pred': [[118, 271, 203, 420, 303], [0, 0, 18, 0, 0]], 'info': [1315, 18, [653, 662, 11, 7]], 'left': {'index': 426, 'value': 0.1, 'pred': [[118, 268, 196, 381, 303], [0, 3, 7, 39, 0]], 'info': [1266, 49, [629, 637, 24, 25]], 'left': {'index': 2181, 'value': 0.1, 'pred': [[118, 268, 196, 357, 303], [0, 0, 0, 24, 0]], 'info': [1242, 24, [615, 627, 14, 10]], 'left': {'index': 100, 'value': 0.1, 'pred': [[118, 268, 196, 334, 303], [0, 0, 0, 23, 0]], 'info': [1219, 23, [607, 612, 8, 15]], 'left': {'index': 394, 'value': 0.1, 'pred': [[118, 267, 179, 334, 303], [0, 1, 17, 0, 0]], 'info': [1201, 18, [599, 602, 8, 10]], 'left': {'index': 2034, 'value': 0.1, 'pred': [[118, 250, 179, 334, 303], [0, 17, 0, 0, 0]], 'info': [1184, 17, [590, 594, 9, 8]], 'left': {'index': 1831, 'value': 0.1, 'pred': [[118, 250, 165, 334, 303], [0, 0, 14, 0, 0]], 'info': [1170, 14, [582, 588, 8, 6]], 'left': {'index': 805, 'value': 0.1, 'pred': [[118, 250, 165, 334, 286], [0, 0, 0, 0, 17]], 'info': [1153, 17, [571, 582, 11, 6]], 'left': {'index': 2734, 'value': 0.1, 'pred': [[118, 235, 165, 334, 286], [0, 15, 0, 0, 0]], 'info': [1138, 15, [559, 579, 12, 3]], 'left': {'index': 837, 'value': 0.1, 'pred': [[118, 234, 165, 314, 286], [0, 1, 0, 20, 0]], 'info': [1117, 21, [549, 568, 10, 11]], 'left': {'index': 2903, 'value': 0.1, 'pred': [[118, 234, 164, 293, 285], [0, 0, 1, 21, 1]], 'info': [1094, 23, [539, 555, 10, 13]], 'left': {'index': 1656, 'value': 0.1, 'pred': [[118, 233, 164, 293, 268], [0, 1, 0, 0, 17]], 'info': [1076, 18, [532, 544, 7, 11]], 'left': {'index': 1681, 'value': 0.1, 'pred': [[118, 233, 164, 292, 252], [0, 0, 0, 1, 16]], 'info': [1059, 17, [526, 533, 6, 11]], 'left': {'index': 152, 'value': 0.1, 'pred': [[108, 233, 164, 292, 252], [10, 0, 0, 0, 0]], 'info': [1049, 10, [521, 528, 5, 5]], 'left': {'index': 1722, 'value': 0.1, 'pred': [[108, 232, 152, 292, 252], [0, 1, 12, 0, 0]], 'info': [1036, 13, [514, 522, 7, 6]], 'left': {'index': 2642, 'value': 0.1, 'pred': [[108, 218, 152, 291, 252], [0, 14, 0, 1, 0]], 'info': [1021, 15, [504, 517, 10, 5]], 'left': {'index': 116, 'value': 0.1, 'pred': [[108, 206, 152, 291, 252], [0, 12, 0, 0, 0]], 'info': [1009, 12, [497, 512, 7, 5]], 'left': {'index': 2352, 'value': 0.1, 'pred': [[108, 194, 152, 291, 252], [0, 12, 0, 0, 0]], 'info': [997, 12, [493, 504, 4, 8]], 'left': {'index': 367, 'value': 0.1, 'pred': [[108, 173, 135, 282, 252], [0, 21, 17, 9, 0]], 'info': [950, 47, [473, 477, 20, 27]], 'left': {'index': 1989, 'value': 0.2, 'pred': [[108, 172, 135, 266, 252], [0, 1, 0, 16, 0]], 'info': [933, 17, [466, 467, 7, 10]], 'left': {'index': 2388, 'value': 0.1, 'pred': [[108, 172, 135, 252, 252], [0, 0, 0, 14, 0]], 'info': [919, 14, [458, 461, 8, 6]], 'left': {'index': 2541, 'value': 0.1, 'pred': [[108, 161, 135, 252, 252], [0, 11, 0, 0, 0]], 'info': [908, 11, [451, 457, 7, 4]], 'left': {'index': 195, 'value': 0.1, 'pred': [[108, 161, 134, 237, 252], [0, 0, 1, 15, 0]], 'info': [892, 16, [443, 449, 8, 8]], 'left': {'index': 2659, 'value': 0.1, 'pred': [[108, 161, 133, 237, 237], [0, 0, 1, 0, 15]], 'info': [876, 16, [434, 442, 9, 7]], 'left': {'index': 260, 'value': 0.1, 'pred': [[99, 161, 133, 237, 237], [9, 0, 0, 0, 0]], 'info': [867, 9, [427, 440, 7, 2]], 'left': {'index': 799, 'value': 0.1, 'pred': [[99, 161, 132, 237, 223], [0, 0, 1, 0, 14]], 'info': [852, 15, [420, 432, 7, 8]], 'left': {'index': 2212, 'value': 0.1, 'pred': [[98, 150, 132, 237, 223], [1, 11, 0, 0, 0]], 'info': [840, 12, [414, 426, 6, 6]], 'left': {'index': 1473, 'value': 0.1, 'pred': [[98, 150, 132, 237, 211], [0, 0, 0, 0, 12]], 'info': [828, 12, [408, 420, 6, 6]], 'left': {'index': 239, 'value': 0.1, 'pred': [[90, 150, 132, 237, 211], [8, 0, 0, 0, 0]], 'info': [820, 8, [404, 416, 4, 4]], 'left': 3, 'right': 0}, 'right': 4}, 'right': {'index': 33, 'value': 0.1, 'pred': [[0, 11, 0, 0, 0], [1, 0, 0, 0, 0]], 'info': [11, 1, [5, 6, 1, 0]], 'left': 1, 'right': 0}}, 'right': {'index': 38, 'value': 0.1, 'pred': [[0, 0, 0, 0, 14], [0, 0, 1, 0, 0]], 'info': [14, 1, [7, 7, 0, 1]], 'left': 4, 'right': 2}}, 'right': 0}, 'right': {'index': 400, 'value': 0.1, 'pred': [[0, 0, 0, 0, 15], [0, 0, 1, 0, 0]], 'info': [15, 1, [8, 7, 1, 0]], 'left': 4, 'right': 2}}, 'right': {'index': 14, 'value': 0.1, 'pred': [[0, 0, 0, 15, 0], [0, 0, 1, 0, 0]], 'info': [15, 1, [8, 7, 0, 1]], 'left': 3, 'right': 2}}, 'right': 1}, 'right': 3}, 'right': {'index': 203, 'value': 0.1, 'pred': [[0, 0, 0, 16, 0], [0, 1, 0, 0, 0]], 'info': [16, 1, [7, 9, 0, 1]], 'left': 3, 'right': 1}}, 'right': {'index': 797, 'value': 0.1, 'pred': [[0, 10, 17, 8, 0], [0, 11, 0, 1, 0]], 'info': [35, 12, [15, 20, 5, 7]], 'left': {'index': 2182, 'value': 0.1, 'pred': [[0, 10, 17, 4, 0], [0, 0, 0, 4, 0]], 'info': [31, 4, [13, 18, 2, 2]], 'left': {'index': 346, 'value': 0.1, 'pred': [[0, 10, 10, 4, 0], [0, 0, 7, 0, 0]], 'info': [24, 7, [10, 14, 3, 4]], 'left': {'index': 1732, 'value': 0.1, 'pred': [[0, 10, 6, 4, 0], [0, 0, 4, 0, 0]], 'info': [20, 4, [9, 11, 1, 3]], 'left': {'index': 889, 'value': 0.1, 'pred': [[0, 10, 6, 2, 0], [0, 0, 0, 2, 0]], 'info': [18, 2, [8, 10, 1, 1]], 'left': {'index': 55, 'value': 0.1, 'pred': [[0, 10, 4, 2, 0], [0, 0, 2, 0, 0]], 'info': [16, 2, [8, 8, 0, 2]], 'left': {'index': 932, 'value': 0.1, 'pred': [[0, 10, 2, 2, 0], [0, 0, 2, 0, 0]], 'info': [14, 2, [7, 7, 1, 1]], 'left': {'index': 1262, 'value': 0.1, 'pred': [[0, 10, 0, 2, 0], [0, 0, 2, 0, 0]], 'info': [12, 2, [5, 7, 2, 0]], 'left': {'index': 299, 'value': 0.1, 'pred': [[0, 10, 0, 1, 0], [0, 0, 0, 1, 0]], 'info': [11, 1, [5, 6, 0, 1]], 'left': {'index': 410, 'value': 0.1, 'pred': [[0, 10, 0, 0, 0], [0, 0, 0, 1, 0]], 'info': [10, 1, [5, 5, 0, 1]], 'left': 1, 'right': 3}, 'right': 3}, 'right': 2}, 'right': 2}, 'right': 2}, 'right': 3}, 'right': 2}, 'right': 2}, 'right': 3}, 'right': {'index': 68, 'value': 0.1, 'pred': [[0, 11, 0, 0, 0], [0, 0, 0, 1, 0]], 'info': [11, 1, [5, 6, 0, 1]], 'left': 1, 'right': 3}}}, 'right': 1}, 'right': 1}, 'right': {'index': 71, 'value': 0.1, 'pred': [[0, 14, 0, 0, 0], [0, 0, 0, 1, 0]], 'info': [14, 1, [9, 5, 1, 0]], 'left': 1, 'right': 3}}, 'right': {'index': 2, 'value': 0.1, 'pred': [[0, 0, 12, 0, 0], [0, 1, 0, 0, 0]], 'info': [12, 1, [7, 5, 0, 1]], 'left': 2, 'right': 1}}, 'right': 0}, 'right': {'index': 53, 'value': 0.1, 'pred': [[0, 0, 0, 0, 16], [0, 0, 0, 1, 0]], 'info': [16, 1, [5, 11, 1, 0]], 'left': 4, 'right': 3}}, 'right': {'index': 214, 'value': 0.1, 'pred': [[0, 0, 0, 0, 17], [0, 1, 0, 0, 0]], 'info': [17, 1, [6, 11, 1, 0]], 'left': 4, 'right': 1}}, 'right': {'index': 161, 'value': 0.1, 'pred': [[0, 0, 1, 21, 0], [0, 0, 0, 0, 1]], 'info': [22, 1, [9, 13, 1, 0]], 'left': {'index': 298, 'value': 0.1, 'pred': [[0, 0, 0, 21, 0], [0, 0, 1, 0, 0]], 'info': [21, 1, [8, 13, 1, 0]], 'left': 3, 'right': 2}, 'right': 4}}, 'right': {'index': 116, 'value': 0.1, 'pred': [[0, 0, 0, 20, 0], [0, 1, 0, 0, 0]], 'info': [20, 1, [10, 10, 0, 1]], 'left': 3, 'right': 1}}, 'right': 1}, 'right': 4}, 'right': 2}, 'right': 1}, 'right': {'index': 273, 'value': 0.1, 'pred': [[0, 0, 17, 0, 0], [0, 1, 0, 0, 0]], 'info': [17, 1, [8, 9, 0, 1]], 'left': 2, 'right': 1}}, 'right': 3}, 'right': 3}, 'right': {'index': 2794, 'value': 0.1, 'pred': [[0, 2, 4, 39, 0], [0, 1, 3, 0, 0]], 'info': [45, 4, [22, 23, 2, 2]], 'left': {'index': 89, 'value': 0.1, 'pred': [[0, 2, 2, 39, 0], [0, 0, 2, 0, 0]], 'info': [43, 2, [21, 22, 1, 1]], 'left': {'index': 302, 'value': 0.1, 'pred': [[0, 2, 0, 39, 0], [0, 0, 2, 0, 0]], 'info': [41, 2, [19, 22, 2, 0]], 'left': {'index': 389, 'value': 0.1, 'pred': [[0, 1, 0, 39, 0], [0, 1, 0, 0, 0]], 'info': [40, 1, [19, 21, 0, 1]], 'left': {'index': 537, 'value': 0.1, 'pred': [[0, 0, 0, 39, 0], [0, 1, 0, 0, 0]], 'info': [39, 1, [18, 21, 1, 0]], 'left': 3, 'right': 1}, 'right': 1}, 'right': 2}, 'right': 2}, 'right': 2}}, 'right': 2}, 'right': {'index': 2262, 'value': 0.1, 'pred': [[31, 1, 3, 5, 11], [0, 0, 0, 0, 4]], 'info': [51, 4, [30, 21, 2, 2]], 'left': {'index': 1194, 'value': 0.1, 'pred': [[31, 1, 3, 5, 8], [0, 0, 0, 0, 3]], 'info': [48, 3, [28, 20, 2, 1]], 'left': {'index': 645, 'value': 0.1, 'pred': [[31, 1, 1, 5, 8], [0, 0, 2, 0, 0]], 'info': [46, 2, [26, 20, 2, 0]], 'left': {'index': 2073, 'value': 0.1, 'pred': [[31, 1, 1, 3, 8], [0, 0, 0, 2, 0]], 'info': [44, 2, [24, 20, 2, 0]], 'left': {'index': 1091, 'value': 0.1, 'pred': [[31, 1, 1, 3, 6], [0, 0, 0, 0, 2]], 'info': [42, 2, [23, 19, 1, 1]], 'left': {'index': 1316, 'value': 0.1, 'pred': [[31, 1, 1, 3, 4], [0, 0, 0, 0, 2]], 'info': [40, 2, [22, 18, 1, 1]], 'left': {'index': 2210, 'value': 0.1, 'pred': [[31, 0, 1, 2, 4], [0, 1, 0, 1, 0]], 'info': [38, 2, [22, 16, 0, 2]], 'left': {'index': 21, 'value': 0.1, 'pred': [[31, 0, 0, 2, 4], [0, 0, 1, 0, 0]], 'info': [37, 1, [21, 16, 1, 0]], 'left': {'index': 41, 'value': 0.1, 'pred': [[31, 0, 0, 1, 4], [0, 0, 0, 1, 0]], 'info': [36, 1, [20, 16, 1, 0]], 'left': {'index': 285, 'value': 0.1, 'pred': [[31, 0, 0, 0, 4], [0, 0, 0, 1, 0]], 'info': [35, 1, [20, 15, 0, 1]], 'left': {'index': 283, 'value': 0.1, 'pred': [[31, 0, 0, 0, 3], [0, 0, 0, 0, 1]], 'info': [34, 1, [20, 14, 0, 1]], 'left': {'index': 308, 'value': 0.1, 'pred': [[31, 0, 0, 0, 2], [0, 0, 0, 0, 1]], 'info': [33, 1, [20, 13, 0, 1]], 'left': {'index': 318, 'value': 0.1, 'pred': [[31, 0, 0, 0, 1], [0, 0, 0, 0, 1]], 'info': [32, 1, [19, 13, 1, 0]], 'left': {'index': 576, 'value': 0.1, 'pred': [[31, 0, 0, 0, 0], [0, 0, 0, 0, 1]], 'info': [31, 1, [18, 13, 1, 0]], 'left': 0, 'right': 4}, 'right': 4}, 'right': 4}, 'right': 4}, 'right': 3}, 'right': 3}, 'right': 2}, 'right': 1}, 'right': 4}, 'right': 4}, 'right': 3}, 'right': 2}, 'right': 4}, 'right': 4}}, 'right': 4}, 'right': {'index': 2839, 'value': 0.1, 'pred': [[0, 0, 24, 0, 0], [0, 0, 2, 4, 0]], 'info': [24, 6, [9, 15, 3, 3]], 'left': 2, 'right': {'index': 223, 'value': 0.1, 'pred': [[0, 0, 0, 4, 0], [0, 0, 2, 0, 0]], 'info': [4, 2, [2, 2, 1, 1]], 'left': 3, 'right': 2}}}, 'right': {'index': 2023, 'value': 0.1, 'pred': [[0, 0, 7, 50, 3], [0, 0, 4, 0, 0]], 'info': [60, 4, [32, 28, 2, 2]], 'left': {'index': 273, 'value': 0.1, 'pred': [[0, 0, 7, 50, 1], [0, 0, 0, 0, 2]], 'info': [58, 2, [32, 26, 0, 2]], 'left': {'index': 802, 'value': 0.1, 'pred': [[0, 0, 5, 50, 1], [0, 0, 2, 0, 0]], 'info': [56, 2, [31, 25, 1, 1]], 'left': {'index': 2062, 'value': 0.1, 'pred': [[0, 0, 3, 50, 1], [0, 0, 2, 0, 0]], 'info': [54, 2, [29, 25, 2, 0]], 'left': {'index': 91, 'value': 0.1, 'pred': [[0, 0, 3, 50, 0], [0, 0, 0, 0, 1]], 'info': [53, 1, [29, 24, 0, 1]], 'left': {'index': 209, 'value': 0.1, 'pred': [[0, 0, 2, 50, 0], [0, 0, 1, 0, 0]], 'info': [52, 1, [28, 24, 1, 0]], 'left': {'index': 230, 'value': 0.1, 'pred': [[0, 0, 1, 50, 0], [0, 0, 1, 0, 0]], 'info': [51, 1, [28, 23, 0, 1]], 'left': {'index': 288, 'value': 0.1, 'pred': [[0, 0, 0, 50, 0], [0, 0, 1, 0, 0]], 'info': [50, 1, [27, 23, 1, 0]], 'left': 3, 'right': 2}, 'right': 2}, 'right': 2}, 'right': 4}, 'right': 2}, 'right': 2}, 'right': 4}, 'right': 2}}, 'right': {'index': 38, 'value': 0.1, 'pred': [[0, 29, 0, 2, 0], [0, 0, 2, 0, 0]], 'info': [31, 2, [16, 15, 1, 1]], 'left': {'index': 165, 'value': 0.1, 'pred': [[0, 29, 0, 1, 0], [0, 0, 0, 1, 0]], 'info': [30, 1, [15, 15, 1, 0]], 'left': {'index': 1082, 'value': 0.1, 'pred': [[0, 29, 0, 0, 0], [0, 0, 0, 1, 0]], 'info': [29, 1, [15, 14, 0, 1]], 'left': 1, 'right': 3}, 'right': 3}, 'right': 2}}, 'right': {'index': 2416, 'value': 0.1, 'pred': [[1, 0, 43, 12, 0], [0, 0, 0, 6, 0]], 'info': [56, 6, [29, 27, 2, 4]], 'left': {'index': 508, 'value': 0.1, 'pred': [[1, 0, 43, 8, 0], [0, 0, 0, 4, 0]], 'info': [52, 4, [25, 27, 4, 0]], 'left': {'index': 195, 'value': 0.1, 'pred': [[1, 0, 43, 6, 0], [0, 0, 0, 2, 0]], 'info': [50, 2, [24, 26, 1, 1]], 'left': {'index': 1742, 'value': 0.1, 'pred': [[1, 0, 43, 4, 0], [0, 0, 0, 2, 0]], 'info': [48, 2, [24, 24, 0, 2]], 'left': {'index': 2429, 'value': 0.1, 'pred': [[1, 0, 42, 2, 0], [0, 0, 1, 2, 0]], 'info': [45, 3, [24, 21, 0, 3]], 'left': {'index': 161, 'value': 0.1, 'pred': [[0, 0, 42, 2, 0], [1, 0, 0, 0, 0]], 'info': [44, 1, [24, 20, 0, 1]], 'left': {'index': 33, 'value': 0.1, 'pred': [[0, 0, 42, 1, 0], [0, 0, 0, 1, 0]], 'info': [43, 1, [23, 20, 1, 0]], 'left': {'index': 779, 'value': 0.1, 'pred': [[0, 0, 42, 0, 0], [0, 0, 0, 1, 0]], 'info': [42, 1, [22, 20, 1, 0]], 'left': 2, 'right': 3}, 'right': 3}, 'right': 0}, 'right': 3}, 'right': 3}, 'right': 3}, 'right': 3}, 'right': 3}}, 'right': 0}, 'right': 0}, 'right': 1}, 'right': {'index': 97, 'value': 0.1, 'pred': [[0, 1, 0, 0, 37], [1, 0, 0, 0, 0]], 'info': [38, 1, [20, 18, 1, 0]], 'left': {'index': 197, 'value': 0.1, 'pred': [[0, 0, 0, 0, 37], [0, 1, 0, 0, 0]], 'info': [37, 1, [19, 18, 1, 0]], 'left': 4, 'right': 1}, 'right': 0}}, 'right': {'index': 1675, 'value': 0.1, 'pred': [[1, 48, 3, 1, 1], [0, 0, 0, 3, 1]], 'info': [54, 4, [15, 39, 1, 3]], 'left': {'index': 214, 'value': 0.1, 'pred': [[1, 48, 2, 0, 1], [0, 0, 1, 1, 0]], 'info': [52, 2, [15, 37, 0, 2]], 'left': {'index': 1775, 'value': 0.1, 'pred': [[1, 48, 1, 0, 0], [0, 0, 1, 0, 1]], 'info': [50, 2, [15, 35, 0, 2]], 'left': {'index': 182, 'value': 0.1, 'pred': [[0, 48, 1, 0, 0], [1, 0, 0, 0, 0]], 'info': [49, 1, [15, 34, 0, 1]], 'left': {'index': 394, 'value': 0.1, 'pred': [[0, 48, 0, 0, 0], [0, 0, 1, 0, 0]], 'info': [48, 1, [14, 34, 1, 0]], 'left': 1, 'right': 2}, 'right': 0}, 'right': 2}, 'right': 2}, 'right': 3}}, 'right': {'index': 116, 'value': 0.1, 'pred': [[0, 0, 38, 0, 0], [0, 2, 0, 0, 0]], 'info': [38, 2, [17, 21, 2, 0]], 'left': 2, 'right': 1}}, 'right': 0}, 'right': 0}, 'right': {'index': 255, 'value': 0.1, 'pred': [[0, 0, 0, 60, 0], [0, 0, 1, 0, 0]], 'info': [60, 1, [32, 28, 0, 1]], 'left': 3, 'right': 2}}, 'right': {'index': 302, 'value': 0.1, 'pred': [[2, 0, 0, 1, 58], [0, 0, 0, 4, 1]], 'info': [61, 5, [24, 37, 1, 4]], 'left': {'index': 1919, 'value': 0.1, 'pred': [[1, 0, 0, 0, 58], [1, 0, 0, 1, 0]], 'info': [59, 2, [24, 35, 0, 2]], 'left': {'index': 29, 'value': 0.1, 'pred': [[0, 0, 0, 0, 58], [1, 0, 0, 0, 0]], 'info': [58, 1, [24, 34, 0, 1]], 'left': 4, 'right': 0}, 'right': 0}, 'right': {'index': 860, 'value': 0.1, 'pred': [[0, 0, 0, 4, 0], [0, 0, 0, 0, 1]], 'info': [4, 1, [1, 3, 0, 1]], 'left': 3, 'right': 4}}}, 'right': 4}, 'right': {'index': 2021, 'value': 0.1, 'pred': [[0, 71, 3, 1, 0], [0, 0, 2, 0, 0]], 'info': [75, 2, [37, 38, 1, 1]], 'left': {'index': 1450, 'value': 0.1, 'pred': [[0, 71, 2, 0, 0], [0, 0, 1, 1, 0]], 'info': [73, 2, [36, 37, 1, 1]], 'left': {'index': 42, 'value': 0.1, 'pred': [[0, 71, 1, 0, 0], [0, 0, 1, 0, 0]], 'info': [72, 1, [35, 37, 1, 0]], 'left': {'index': 313, 'value': 0.1, 'pred': [[0, 71, 0, 0, 0], [0, 0, 1, 0, 0]], 'info': [71, 1, [34, 37, 1, 0]], 'left': 1, 'right': 2}, 'right': 2}, 'right': 2}, 'right': 2}}, 'right': {'index': 539, 'value': 0.1, 'pred': [[4, 106, 3, 4, 2], [0, 0, 2, 1, 0]], 'info': [119, 3, [60, 59, 2, 1]], 'left': {'index': 1644, 'value': 0.1, 'pred': [[4, 106, 1, 4, 2], [0, 0, 2, 0, 0]], 'info': [117, 2, [59, 58, 1, 1]], 'left': {'index': 183, 'value': 0.1, 'pred': [[2, 106, 1, 4, 2], [2, 0, 0, 0, 0]], 'info': [115, 2, [59, 56, 0, 2]], 'left': {'index': 1951, 'value': 0.1, 'pred': [[2, 106, 1, 2, 2], [0, 0, 0, 2, 0]], 'info': [113, 2, [57, 56, 2, 0]], 'left': {'index': 963, 'value': 0.2, 'pred': [[1, 106, 1, 2, 1], [1, 0, 0, 0, 1]], 'info': [111, 2, [56, 55, 1, 1]], 'left': {'index': 21, 'value': 0.1, 'pred': [[0, 106, 1, 2, 1], [1, 0, 0, 0, 0]], 'info': [110, 1, [55, 55, 1, 0]], 'left': {'index': 304, 'value': 0.1, 'pred': [[0, 106, 1, 2, 0], [0, 0, 0, 0, 1]], 'info': [109, 1, [55, 54, 0, 1]], 'left': {'index': 512, 'value': 0.1, 'pred': [[0, 106, 0, 2, 0], [0, 0, 1, 0, 0]], 'info': [108, 1, [54, 54, 1, 0]], 'left': {'index': 169, 'value': 0.1, 'pred': [[0, 106, 0, 1, 0], [0, 0, 0, 1, 0]], 'info': [107, 1, [54, 53, 0, 1]], 'left': {'index': 501, 'value': 0.1, 'pred': [[0, 106, 0, 0, 0], [0, 0, 0, 1, 0]], 'info': [106, 1, [53, 53, 1, 0]], 'left': 1, 'right': 3}, 'right': 3}, 'right': 2}, 'right': 4}, 'right': 0}, 'right': 0}, 'right': 3}, 'right': 0}, 'right': 2}, 'right': 2}}, 'right': {'index': 815, 'value': 0.1, 'pred': [[76, 0, 0, 3, 1], [0, 0, 0, 0, 2]], 'info': [80, 2, [43, 37, 0, 2]], 'left': {'index': 996, 'value': 0.1, 'pred': [[76, 0, 0, 1, 1], [0, 0, 0, 2, 0]], 'info': [78, 2, [42, 36, 1, 1]], 'left': {'index': 131, 'value': 0.1, 'pred': [[76, 0, 0, 1, 0], [0, 0, 0, 0, 1]], 'info': [77, 1, [42, 35, 0, 1]], 'left': {'index': 158, 'value': 0.1, 'pred': [[76, 0, 0, 0, 0], [0, 0, 0, 1, 0]], 'info': [76, 1, [42, 34, 0, 1]], 'left': 0, 'right': 3}, 'right': 4}, 'right': 3}, 'right': 4}}, 'right': 4}, 'right': {'index': 1526, 'value': 0.1, 'pred': [[1, 12, 107, 3, 0], [0, 8, 0, 0, 0]], 'info': [123, 8, [60, 63, 3, 5]], 'left': {'index': 1993, 'value': 0.1, 'pred': [[1, 7, 107, 3, 0], [0, 5, 0, 0, 0]], 'info': [118, 5, [60, 58, 0, 5]], 'left': {'index': 804, 'value': 0.1, 'pred': [[1, 5, 107, 3, 0], [0, 2, 0, 0, 0]], 'info': [116, 2, [59, 57, 1, 1]], 'left': {'index': 1950, 'value': 0.2, 'pred': [[1, 3, 106, 2, 0], [0, 2, 1, 1, 0]], 'info': [112, 4, [57, 55, 2, 2]], 'left': {'index': 1143, 'value': 0.1, 'pred': [[1, 2, 106, 1, 0], [0, 1, 0, 1, 0]], 'info': [110, 2, [56, 54, 1, 1]], 'left': {'index': 464, 'value': 0.1, 'pred': [[0, 2, 106, 1, 0], [1, 0, 0, 0, 0]], 'info': [109, 1, [56, 53, 0, 1]], 'left': {'index': 584, 'value': 0.1, 'pred': [[0, 2, 106, 0, 0], [0, 0, 0, 1, 0]], 'info': [108, 1, [55, 53, 1, 0]], 'left': {'index': 79, 'value': 0.1, 'pred': [[0, 1, 106, 0, 0], [0, 1, 0, 0, 0]], 'info': [107, 1, [54, 53, 1, 0]], 'left': {'index': 748, 'value': 0.1, 'pred': [[0, 0, 106, 0, 0], [0, 1, 0, 0, 0]], 'info': [106, 1, [54, 52, 0, 1]], 'left': 2, 'right': 1}, 'right': 1}, 'right': 3}, 'right': 0}, 'right': 1}, 'right': 1}, 'right': 1}, 'right': 1}, 'right': 1}}, 'right': {'index': 332, 'value': 0.1, 'pred': [[1, 2, 112, 2, 0], [0, 0, 0, 7, 0]], 'info': [117, 7, [64, 53, 3, 4]], 'left': {'index': 63, 'value': 0.1, 'pred': [[0, 2, 112, 2, 0], [1, 0, 0, 0, 0]], 'info': [116, 1, [63, 53, 1, 0]], 'left': {'index': 76, 'value': 0.1, 'pred': [[0, 2, 112, 1, 0], [0, 0, 0, 1, 0]], 'info': [115, 1, [62, 53, 1, 0]], 'left': {'index': 188, 'value': 0.1, 'pred': [[0, 2, 112, 0, 0], [0, 0, 0, 1, 0]], 'info': [114, 1, [62, 52, 0, 1]], 'left': {'index': 544, 'value': 0.1, 'pred': [[0, 1, 112, 0, 0], [0, 1, 0, 0, 0]], 'info': [113, 1, [61, 52, 1, 0]], 'left': {'index': 1246, 'value': 0.1, 'pred': [[0, 0, 112, 0, 0], [0, 1, 0, 0, 0]], 'info': [112, 1, [60, 52, 1, 0]], 'left': 2, 'right': 1}, 'right': 1}, 'right': 3}, 'right': 3}, 'right': 0}, 'right': 3}}, 'right': {'index': 398, 'value': 0.1, 'pred': [[122, 2, 1, 1, 0], [0, 0, 0, 1, 1]], 'info': [126, 2, [60, 66, 2, 0]], 'left': {'index': 517, 'value': 0.1, 'pred': [[122, 2, 0, 0, 0], [0, 0, 1, 1, 0]], 'info': [124, 2, [59, 65, 1, 1]], 'left': {'index': 18, 'value': 0.1, 'pred': [[122, 1, 0, 0, 0], [0, 1, 0, 0, 0]], 'info': [123, 1, [59, 64, 0, 1]], 'left': {'index': 109, 'value': 0.1, 'pred': [[122, 0, 0, 0, 0], [0, 1, 0, 0, 0]], 'info': [122, 1, [59, 63, 0, 1]], 'left': 0, 'right': 1}, 'right': 1}, 'right': 2}, 'right': 3}}

from sklearn import metrics
f = open('/Users/artemmikhaylov/Downloads/part-00000-5','r')
res= []
for line in f:
    res.append(eval(line))
f.close()
trans_result = list(map(list, zip(*res)))
print('pre = '+str((metrics.precision_score(trans_result[0], trans_result[1],average="weighted"))*100)+ ' rec = '+ str((metrics.recall_score(trans_result[0], trans_result[1],average="weighted"))*100))

time my pc 4mins, 2sec
1 node
k = 1 11mins, 44sec  pre = 83.76616812907962 rec = 83.79421221864952
k = 3 11mins, 22sec  pre = 83.76616812907962 rec = 83.79421221864952
k = 5 11mins, 23sec  pre = 85.32358217033068 rec = 84.82315112540194
k = 7 11mins, 28sec  pre = 85.2836301333385  rec = 85.14469453376205
k = 11 11mins, 31sec pre = 86.26304768345787 rec = 86.10932475884245
k = 35 11mins, 28sec pre = 86.73968398882037 rec = 86.36655948553054
k = 55 11mins, 32sec pre = 87.83002477828542 rec = 87.52411575562701
k = 75 11mins, 30sec pre = 88.21801361145218 rec = 88.03858520900322
k = 95 11mins, 25sec pre = 88.30722061494671 rec = 88.03858520900322
k = 121 11mins,27sec pre = 88.04304441318061 rec = 87.45980707395499
k = 150 11mins,23sec pre = 87.8239595481493  rec = 87.20257234726688
2 node
k = 1  5mins, 19sec pre = 83.76616812907962 rec = 83.79421221864952
k = 3  5mins, 3sec pre = 83.76616812907962 rec = 83.79421221864952
k = 5  4mins, 57sec
k = 7  5mins, 9sec
k = 11 5mins, 10sec
k = 35 5mins, 7sec
k = 55 5mins, 10sec
k = 75 5mins, 8sec
k = 95 5mins, 5sec
k = 1215mins, 7sec
k = 1505mins, 7sec
3 node
k = 1
k = 3
k = 5
k = 7
k = 11
k = 35
k = 55
k = 75
k = 95
k = 121
k = 150
4 node
k = 1  4mins, 22sec pre = 81.1688577711857  rec = 81.18971061093248
k = 3  4mins, 12sec pre = 81.78007000212952 rec = 81.52733118971062
k = 5  4mins, 2sec  pre = 82.39128223307334 rec = 81.86495176848875
k = 7  3mins, 57sec pre = 83.01938472884007 rec = 82.82958199356914
k = 11 3mins, 57sec pre = 83.84891759971605 rec = 83.37620578778136
k = 35 4mins, 8sec  pre = 85.0278358863816  rec = 84.50160771704181
k = 55 4mins, 0sec  pre = 84.79394182779868 rec = 84.08360128617363
k = 75 4mins, 4sec  pre = 84.40919063405654 rec = 83.63344051446944
k = 95 4mins, 3sec  pre = 84.29555712922645 rec = 83.47266881028939
k = 1214mins, 2sec  pre = 83.92983360714783 rec = 82.95819935691318
k = 1503mins, 59sec pre = 83.50890160837041 rec = 82.508038585209
3 node 5mins, 41sec