(1, 1.3474185803993552)
(1, 1.3757993617307793)
(2, 1.3852254931927959)
(4, 1.4007284837878087)
(0, 1.4100857021100202)
(4, 1.3914045961939783)
(0, 1.3947887777354855)
(4, 1.3881182222024984)
(1, 1.3863255936671217)
(0, 1.3933043317301856)
(1, 1.3756107472678039)
(2, 1.4124642405373427)
(3, 1.3916789087263703)
(2, 1.383824525050123)
(3, 1.3934613445552564)
(1, 1.4088376581162108)
(4, 1.413024500413236)
(3, 1.4062334986306146)
(1, 1.4026255555708038)
(1, 1.3887846723078086)
(1, 1.4083107683542442)
(0, 1.4085200928461479)
(1, 1.3958858166623647)
(0, 1.3801150682451229)
(4, 1.4018514162954192)
(2, 1.2401230382964274)
(2, 1.375309228844749)
(0, 1.4008644388223372)
(3, 1.4075844532598625)
(0, 1.4046951592589498)
(4, 1.3871425948863034)
(1, 1.3793452005116762)
(1, 1.41162813974942)
(2, 1.3916732834927892)
(4, 1.4051556010119395)
(3, 1.3943656451352378)
(4, 1.4125725642859128)
(3, 1.378219647806696)
(0, 1.4114900754721864)
(0, 1.391876478717447)
(3, 1.4040413074209732)
(4, 1.411396983379661)
(1, 1.3832346845390187)
(4, 1.3323219019322485)
(1, 1.3994054058616427)
(2, 1.409907217901062)
(0, 1.4102863845578624)
(0, 1.4064046664360563)
(3, 1.3971173918896589)
(4, 1.409209055345044)
(2, 1.3891976462811775)
(2, 1.4068169400105146)
(2, 1.378499028533413)
(2, 1.3953398553151621)
(3, 1.4067394117467589)
(4, 1.3449206530276863)
(3, 1.413177632805878)
(4, 1.3818682580981978)
(1, 1.4100592456529082)
(2, 1.3940416369149136)
(3, 1.4025408874755156)
(3, 1.291580315287705)
(0, 1.3843546666932682)
(1, 1.3994810934671735)
(0, 1.3981417204463031)
(2, 1.4102156732203193)
(3, 1.398207345608148)
(2, 1.3911968052051107)
(4, 1.4069317587723928)
(0, 1.3645200525928847)
(4, 1.3915879413495227)
(0, 1.408337140486577)
(2, 1.3694248700482226)
(4, 1.4027659894840525)
(1, 1.3990132103331718)
(0, 1.395044416112981)
(2, 1.397169394468104)
(3, 1.3624112354275697)
(2, 1.4105528420282274)
(4, 1.3232855397452348)
(0, 1.3911191121375743)
(1, 1.3969187189977121)
(4, 1.3849650090728105)
(2, 1.4001672173310251)
(3, 1.2980871621923338)
(1, 1.4096933402077059)
(4, 1.4036797122752245)
(2, 1.403038128485175)
(0, 1.4012986458416763)
(3, 1.396644676938701)
(3, 1.3910325781547324)
(4, 1.4068572858949193)
(1, 1.399703750383438)
(1, 1.3859429322483057)
(3, 1.3867324553368665)
(2, 1.3994338045631716)
(0, 1.4085821961085112)
(2, 1.3896608454740444)
(3, 1.4072595115910322)
(4, 1.3963155896821429)
(4, 1.3988367588599186)
(3, 1.4047875376516763)
(2, 1.3969009347568981)
(3, 1.3921704496704275)
(4, 1.392447597734483)
(0, 1.396840571546566)
(2, 1.4108119426216454)
(3, 1.3971494736000654)
(0, 1.4090852454152385)
(4, 1.3969991882993724)
(0, 1.4031585060767924)
(2, 1.408280445263278)
(2, 1.41158757379373)
(3, 1.3897176747342492)
(1, 1.377433680178034)
(3, 1.4113149599557737)
(1, 1.3917518933552824)
(1, 1.3862652543339913)
(4, 1.3977730809825626)
(4, 1.3950716543023813)
(3, 1.4053133707261434)
(4, 1.408506230473542)
(4, 1.3952466663545073)
(0, 1.3947900901700285)
(3, 1.408499227576134)
(4, 1.364535347864366)
(3, 1.4122568649579312)
(0, 1.3863074326190625)
(1, 1.3925799760582336)
(3, 1.389644361776787)
(3, 1.3777537190067952)
(1, 1.3927028346432635)
(1, 1.3776239188620456)
(4, 1.4071432613219836)
(0, 1.3844590278733753)
(3, 1.3495436339641864)
(0, 1.4106632979497296)
(3, 1.386377261384929)
(1, 1.321893559130628)
(1, 1.403492898661476)
(3, 1.3824168660914997)
(2, 1.3855204435878616)
(2, 1.395972151115869)
(4, 1.402604388861205)
(3, 1.3947233221195576)
(4, 1.4097162828645369)
(2, 1.4088852670330687)
(3, 1.407958760893234)
(3, 1.3801983818005772)
(0, 1.3832232303616963)
(2, 1.4040912169910837)
(4, 1.3748411024236975)
(1, 1.4066343742534744)
(4, 1.0587001190365994)
(2, 1.3824721125870918)
(3, 1.4059818106580684)
(3, 1.4060573859455379)
(4, 1.398007421454618)
(2, 1.40220190321927)
(2, 1.4058536103804962)
(0, 1.3974949463745494)
(0, 1.395924779237791)
(1, 1.390183171367396)
(2, 1.4016988891773077)
(0, 1.3994390392438458)
(1, 1.4087353583234314)
(2, 1.4065861227800898)
(1, 1.4050914253973572)
(0, 1.4016826874749138)
(4, 1.4003792201045087)
(0, 1.4091872012915587)
(3, 1.4114925812165249)
(2, 1.4042977259029275)
(4, 1.4000917964040962)
(3, 1.3994028897691115)
(2, 1.3917204120377344)
(4, 1.4115639758826357)
(3, 1.3927536787198114)
(3, 1.398250009846691)
(2, 1.4100668256621984)
(0, 1.397116814547238)
(2, 1.389131096574418)
(3, 1.4005479677461314)
(3, 1.40633296436351)
(4, 1.4047302149813485)
(4, 1.4047878674213259)
(4, 1.398626465479096)
(4, 1.3901914888145108)
(4, 1.4038143896204456)
(0, 1.367657870171942)
(1, 1.3802112343940356)
(2, 1.4035669640629724)
(1, 1.3852563843593226)
(3, 1.403818190648208)
(2, 1.3950079931225607)
(1, 1.404955647147907)
(2, 1.3865991121230443)
(0, 1.4098839884101226)
(0, 1.3939435514003347)
(2, 1.3993946436972557)
(4, 1.4041605939316972)
(4, 1.3975161215007617)
(1, 1.3625071458960254)
(2, 1.3931968112071034)
(2, 1.3950163953029744)
(2, 1.3843461296158)
(1, 1.4024898196858022)
(3, 1.394267967537116)
(2, 1.3943561865527654)
(1, 1.3680040387595125)
(3, 1.3600878777432026)
(3, 1.4016797438981012)
(0, 1.3805984546610393)
(0, 1.3976459680017024)
(3, 1.3647411158972325)
(3, 1.4047907848421524)
(2, 1.4031518612414595)
(0, 1.4074994377022574)
(3, 1.3863533845868126)
(3, 1.3866805253012555)
(2, 1.4097648684261403)
(4, 1.4063900297179843)
(3, 1.3968358669213077)
(2, 1.3848319522248997)
(4, 1.3997804597351389)
(2, 1.3889928790583352)
(1, 1.3951976158264567)
(3, 1.2992146379376779)
(1, 1.3677633268895653)
(1, 1.4016250251121238)
(4, 1.4036850309619944)
(1, 1.4050840323114997)
(3, 1.4096080638641575)
(4, 1.3920675376397456)
(4, 1.4015195702507155)
(1, 1.411309691136041)
(4, 1.3910398549749285)
(4, 1.3882730050964027)
(3, 1.4013389700823762)
(2, 1.3905155503322841)
(4, 1.3959506873808838)
(1, 1.3848885184283557)
(1, 1.4032703281669414)
(4, 1.4009535538187414)
(2, 1.4100522679664897)
(3, 1.4059265871074456)
(4, 1.391260733130921)
(4, 1.4124616065401518)
(4, 1.4000447953189825)
(0, 1.3808896753491489)
(4, 1.410600494674384)
(2, 1.398880109303404)
(2, 1.4036216904475758)
(3, 1.3935643502918815)
(4, 1.4053638562347692)
(3, 1.4049022308041577)
(0, 1.4052788756669121)
(0, 1.4118243257304324)
(1, 1.4047156529939326)
(3, 1.3988391919658005)
(0, 1.4065388876222569)
(2, 1.3874935923039216)
(1, 1.3968111184809289)
(3, 1.3706866809074056)
(3, 1.4084889806929226)
(1, 1.411343952960554)
(1, 1.3961983616790161)
(2, 1.3864561030953997)
(4, 1.347206702443826)
(3, 1.4069212692875521)
(4, 1.4010674152695246)
(2, 1.3880140441494424)
(0, 1.4096181686720786)
(2, 1.3846968721533879)
(3, 1.4044468736952158)
(2, 1.3121024259402294)
(4, 1.4034228845485448)
(4, 1.408200514117515)
(2, 1.3858009146863113)
(2, 1.4097230859894607)
(1, 1.3848304912879845)
(2, 1.391274245287457)
(3, 1.4129508775622446)
(3, 1.4091865461958006)
(1, 1.3256584412924697)
(0, 1.4075662855056754)
(4, 1.402308100433118)
(0, 1.40187591265704)
(2, 1.392705189263459)
(2, 1.3707236319479998)
(1, 1.3983852043530398)
(1, 1.4082945378782556)
(1, 1.393335791392292)
(1, 1.365032667604118)
(3, 1.3930291901091147)
(2, 1.4097075882245917)
(0, 1.3923030974726627)
(3, 1.3963725872639519)
(4, 1.3934495989889495)
(2, 1.3961376490177546)
(3, 1.3931226209405734)
(0, 1.409880695096464)
(1, 1.3769848038292845)
(0, 1.4044239563473409)
(1, 1.4030356750039694)
(4, 1.3952000459099776)
(2, 1.3861437535833028)
(1, 1.397647635222644)
(3, 1.4122933303488343)
(3, 1.3935643831942013)
(0, 1.3977977648347077)
(2, 1.4053222889144636)
(0, 1.4022980827064089)
(3, 1.4066942741517081)
(2, 1.3825155230705317)
(2, 1.395737612508789)
(1, 1.3915028738155715)
(1, 1.4088915009193768)
(3, 1.4101042442352416)
(3, 1.4037432311002895)
(0, 1.4102192927315853)
(2, 1.4072538044048404)
(2, 1.4012507681231001)
(2, 1.397860840833484)
(1, 1.3824877532221405)
(0, 1.3987481719374173)
(0, 1.4057155842912683)
(1, 1.3834626045557676)
(1, 1.394226273515415)
(2, 1.4095578536518694)
(4, 1.3903051992546993)
(2, 1.3769939611879578)
(4, 1.401066929627325)
(0, 1.4016265475696412)
(3, 1.3949930932369443)
(3, 1.4044974153475565)
(3, 1.3926840081820462)
(1, 1.3804444063459076)
(3, 1.3422970035761206)
(3, 1.4070566826380535)
(1, 1.404810903472377)
(3, 1.363995702331407)
(0, 1.3871397016618103)
(4, 1.3855050415575865)
(3, 1.3925038781783592)
(2, 1.4105909418361477)
(2, 1.3920148789241746)
(4, 1.400769817996165)
(3, 1.410969530714926)
(1, 1.412328342163285)
(1, 1.373540611172716)
(3, 1.3798999066124085)
(0, 1.3988370303204218)
(0, 1.4077727327869527)
(3, 1.4033503357462895)
(2, 1.4083254310649596)
(3, 1.3938628636018209)
(3, 1.3926191944227349)
(4, 1.4088711881576526)
(3, 1.3619377204023868)
(1, 1.397808833942036)
(3, 1.4115142513783359)
(0, 1.4106600375722218)
(2, 1.4122585807654688)
(3, 1.3838776597341593)
(2, 1.3987471077673843)
(4, 1.4012426219522998)
(0, 1.3986669886347014)
(0, 1.3927399309277095)
(0, 1.4026437736760882)
(2, 1.3874495501334523)
(0, 1.4055638707686449)
(0, 1.3928430804785112)
(0, 1.4032349295259414)
(2, 1.3653515310985036)
(3, 1.40790614787095)
(4, 1.3705974589334708)
(1, 1.359955753317034)
(1, 1.3795737932877723)
(2, 1.3948089787804243)
(1, 1.3782994660252803)
(4, 1.3931706717569659)
(3, 1.3983203808303253)
(4, 1.4056421118267548)
(1, 1.4119713344201976)
(0, 1.4059326821681624)
(2, 1.405470177773147)
(0, 1.3959161373379614)
(0, 1.3931566381330593)
(4, 1.4003086306964698)
(2, 1.4107127668213344)
(2, 1.3969367980061)
(2, 1.3846604669017353)
(4, 1.4063082590324167)
(0, 1.4071985654746846)
(2, 1.3908935343036137)
(3, 1.4015573265542938)
(4, 1.4036596173592208)
(2, 1.375166190457377)
(3, 1.395774995054421)
(4, 1.3609419773720826)
(4, 1.409036513569125)
(0, 1.405513134098438)
(0, 1.4073787725872737)
(0, 1.3988383456494522)
(0, 1.391556757712941)
(4, 1.3955859817879488)
(0, 1.4014023541840188)
(1, 1.3979841843972325)
(0, 1.4066530089412554)
(0, 1.3776617917370562)
(2, 1.3926424339697039)
(1, 1.3802870359335861)
(1, 1.4121737443549822)
(0, 1.3983184192074873)
(4, 1.4108164216124868)
(0, 1.3949493504723487)
(2, 1.3989677121214057)
(2, 1.3938467229812204)
(3, 1.385017000475338)
(1, 1.3862542035291354)
(2, 1.401681517230355)
(4, 1.3968240557915481)
(2, 1.3730356619578272)
(3, 1.3922103932993204)
(1, 1.390332477369231)
(0, 1.3917889761283044)
(0, 1.375825417131933)
(2, 1.4078377301670002)
(4, 1.362607667864756)
(0, 1.4095563514963043)
(3, 1.3992939989658082)
(0, 1.397975209490756)
(0, 1.393474980374399)
(1, 1.4058400017288308)
(4, 1.4096252616756462)
(4, 1.394303248050027)
(4, 1.4075633096192788)
(3, 1.3628543325450886)
(2, 1.3983992472533358)
(3, 1.397221915915142)
(2, 1.4052492062347421)
(0, 1.4050092100921343)
(4, 1.4028892646799869)
(1, 1.388615288957818)
(3, 1.3548836596488756)
(2, 1.4000864629492318)
(2, 1.405747925032783)
(3, 1.389767631373012)
(1, 1.3877614603557598)
(4, 1.3983229627305573)
(4, 1.4013078295545305)
(4, 1.3972861372193848)
(0, 1.4055425615953694)
(4, 1.4113053057928935)
(1, 1.3255516469764306)
(1, 1.3868952729839792)
(2, 1.358736187855709)
(4, 1.385865040577773)
(2, 1.398265981024894)
(1, 1.3944596485784873)
(4, 1.395323586717021)
(3, 1.4111634048694177)
(1, 1.3888212009501966)
(4, 1.3967983734017984)
(2, 1.404913876233824)
(1, 1.396688632586548)
(3, 1.4031521503709643)
(2, 1.3979885541801655)
(0, 1.3970244614016518)
(0, 1.4057055678693198)
(4, 1.4113731800694942)
(4, 1.4032782149472185)
(3, 1.3990859761065464)
(2, 1.3785012567489405)
(1, 1.408173340995903)
(4, 1.3808447363187588)
(3, 1.373807288013591)
(1, 1.3997379086889197)
(1, 1.3983767443550752)
(2, 1.3790346094308759)
(1, 1.3796465231226531)
(1, 1.4123133625743522)
(1, 1.3858016738347019)
(4, 1.3704221510214476)
(4, 1.3961438852193113)
(1, 1.3722182233363909)
(0, 1.402895715963183)
(1, 1.3958096609816986)
(2, 1.4004038059128243)
(3, 1.4024854930483297)
(0, 1.3987989144991175)
(4, 1.4052283509836208)
(2, 1.4053435435547468)
(0, 1.3956166321239574)
(3, 1.368724329793102)
(4, 1.3862183502649859)
(3, 1.403901285222641)
(4, 1.3999883591303708)
(2, 1.4082500458227707)
(2, 1.4079962038678249)
(2, 1.3974285659203096)
(1, 1.3783410602954336)
(3, 1.4024981196553528)
(4, 1.3727710277001173)
(3, 1.4003690425980024)
(3, 1.399095392451841)
(0, 1.3909088131292981)
(3, 1.3865825806811374)
(1, 1.4057858063454665)
(3, 1.40567604026719)
(3, 1.4060152395010899)
(1, 1.3879143436639283)
(3, 1.4032404903515814)
(3, 1.3989107684423825)
(4, 1.4023348573629888)
(3, 1.3847616894601245)
(1, 1.389438065443209)
(3, 1.4051050573557684)
(1, 1.4122118178058425)
(1, 1.3936184790309638)
(4, 1.3917875236352608)
(4, 1.3930402828770407)
(2, 1.3635914029202383)
(2, 1.3792931752567161)
(3, 1.4086198111919261)
(4, 1.1752081794501965)
(2, 1.4001698345434146)
(2, 1.4003481971486251)
(0, 1.4088163849514517)
(4, 1.3980862887385799)
(2, 1.411026881980059)
(3, 1.39550910664803)
(3, 1.404714458317416)
(4, 1.400708189873932)
(2, 1.4032338802142106)
(0, 1.4031226437490059)
(2, 1.4082468068472616)
(3, 1.402202671497564)
(3, 1.4108944180992558)
(3, 1.3828982110502903)
(1, 1.3768694886761936)
(1, 1.3855327838019984)
(1, 1.399361050537849)
(4, 1.4052711846059684)
(0, 1.406123349843507)
(3, 1.4009024238998837)
(1, 1.3916230939138325)
(2, 1.3824163127370188)
(0, 1.392469751279286)
(3, 1.389230582955544)
(1, 1.4078482973954278)
(4, 1.3964756574884676)
(4, 1.4061181711522288)
(4, 1.3942960774781223)
(2, 1.3878210645286422)
(3, 1.3986991106646114)
(1, 1.3610685745993345)
(4, 1.4040730658956087)
(0, 1.4058284575360587)
(2, 1.3403530189848043)
(4, 1.3850069752559346)
(4, 1.405666103429096)
(0, 1.3939785030852225)
(0, 1.3414189286327154)
(0, 1.3779698049233913)
(3, 1.4061752340074702)
(1, 1.3895337808973405)
(1, 1.4123300621620705)
(0, 1.400692989560289)
(1, 1.3868819150115157)
(0, 1.389670150583944)
(2, 1.4128206958169622)
(4, 1.3595456340043477)
(3, 1.3626344430247455)
(3, 1.4095938558261811)
(2, 1.4022260144118608)
(2, 1.401917777121392)
(3, 1.3994222514871355)
(1, 1.3879460875510818)
(3, 1.400380772258691)
(1, 1.4083461733620168)
(0, 1.393175211022627)
(0, 1.401109918700947)
(0, 1.3934336523545934)
(0, 1.4119014984403786)
(4, 1.3908410203235169)
(4, 1.3862854570860244)
(1, 1.3546132296099709)
(1, 1.410532265162692)
(2, 1.3991559520336556)
(3, 1.4066293279499102)
(1, 1.3836375081022712)
(1, 1.403563511284268)
(1, 1.3972276900693228)
(4, 1.3996233742837205)
(4, 1.3975727092773582)
(1, 1.3811010206799645)
(2, 1.2764259596057828)
(0, 1.4050796522226086)
(2, 1.3863552316552372)
(1, 1.4050860296662966)
(3, 1.3865575038844293)
(3, 1.305028721786332)
(4, 1.3969304346853169)
(4, 1.3933437257818038)
(1, 1.4064281063938013)
(1, 1.4075615230784413)
(3, 1.3902323396359109)
(1, 1.4084361368439866)
(2, 1.401936520241976)
(1, 1.3684200152525663)
(0, 1.4048823868351477)
(2, 1.3215443539665748)
(4, 1.401235055500576)
(4, 1.3782470614616193)
(4, 1.4010017252516724)
(4, 1.4028417842684544)
(1, 1.412409570067875)
(0, 1.4072732126001315)
(0, 1.4026950412589645)
(1, 1.3987450556171284)
(1, 1.409016841433805)
(1, 1.3771330582798849)
(2, 1.401697043841572)
(3, 1.407771364167955)
(1, 1.3988529451522889)
(2, 1.406001924298472)
(4, 1.1973942003592586)
(2, 1.4053169504401333)
(3, 1.4119803433127427)
(3, 1.4073394492912796)
(3, 1.406674805526115)
(0, 1.3988028315453513)
(3, 1.4039504330945478)
(2, 1.3971629080235517)
(3, 1.3965282718703391)
(0, 1.3827398066889578)
(3, 1.398696445054845)
(0, 1.3076790294912577)
(2, 1.4084393696783)
(3, 1.4115758413774404)
(1, 1.406327833548044)
(4, 1.3992950384896368)
(3, 1.4116828635274674)
(4, 1.3970220555986863)
(1, 1.3854358688769746)
(3, 1.4120145525848435)
(0, 1.406221542806123)
(1, 1.385447206703385)
(3, 1.383524081064155)
(0, 1.393952776638732)
(4, 1.3969270073899627)
(3, 1.4100964027782672)
(2, 1.4009565624353357)
(1, 1.3903842599727545)
(0, 1.3991172992570848)
(4, 1.4061899389096018)
(4, 1.4018450398699178)
(0, 1.4010062951760418)
(2, 1.3916155752779702)
(1, 1.3809418225408612)
(2, 1.40171458215598)
(4, 1.4081290376162736)
(1, 1.403596799039957)
(1, 1.3927700633068263)
(4, 1.4067729812708194)
(0, 1.3970120448667436)
(1, 1.3561025205847346)
(2, 1.3872811646252992)
(0, 1.3561786681176171)
(3, 1.3809931679139054)
(4, 1.3823784096547116)
(4, 1.3925543160477447)
(4, 1.3861384332063453)
(0, 1.4068358930203257)
(0, 1.3998051147293775)
(0, 1.3996811816569377)
(2, 1.3829335324023722)
(2, 1.3857164442007053)
(2, 1.3992466669182573)
(0, 1.392585453990345)
(4, 1.3893417732788607)
(4, 1.401348147213768)
(4, 1.4066824162948914)
(0, 1.32331816358525)
(0, 1.3792636273506256)
(1, 1.3835788309575743)
(0, 1.406163795065762)
(4, 1.4007841481506433)
(1, 1.3961257423181828)
(1, 1.2306182565871764)
(4, 1.3969608262260922)
(3, 1.384833375615307)
(1, 1.4042590748486892)
(1, 1.4115229746748403)
(2, 1.3717287397937938)
(0, 1.4042201318669505)
(2, 1.4008270225536703)
(3, 1.4083907418520727)
(1, 1.4047494096073139)
(2, 1.3753499346841773)
(1, 1.4059855588079586)
(4, 1.3984546562812887)
(3, 1.4094978904435407)
(4, 1.4116883645891256)
(2, 1.401300835830601)
(3, 1.4053962151947799)
(1, 1.3942877039381856)
(4, 1.3897271778561449)
(4, 1.3913433935447392)
(2, 1.371550590190226)
(3, 1.4101618676453753)
(2, 1.400594650141497)
(1, 1.3920234478011675)
(4, 1.406730144059574)
(3, 1.3814256745457938)
(1, 1.4021035754279632)
(4, 1.402153833581171)
(0, 1.382445600663598)
(1, 1.4028312084231962)
(4, 1.393155322576936)
(3, 1.4076154734898745)
(4, 1.4081057621139208)
(3, 1.4125230366302768)
(4, 1.3926918372305366)
(0, 1.4095569618886843)
(0, 1.404737121157997)
(0, 1.405318249379181)
(3, 1.382185964255162)
(2, 1.388334013487291)
(3, 1.3878071164551018)
(1, 1.397052416483169)
(1, 1.403427338456039)
(4, 1.4042402380703407)
(1, 1.3753132436183064)
(2, 1.3969731424318688)
(4, 1.380437171045039)
(3, 1.4108200427363136)
(3, 1.3926465041913179)
(3, 1.4071885905982822)
(0, 1.4090160637416789)
(2, 1.4109950744395268)
(3, 1.3843432069555108)
(1, 1.403879950920085)
(2, 1.3977966748492654)
(3, 1.3807156968902312)
(1, 1.3803441726969379)
(0, 1.4009906104245147)
(1, 1.403605308307926)
(3, 1.4066523753961444)
(3, 1.3709320988397122)
(1, 1.369342637946779)
(1, 1.4111878235824191)
(4, 1.4093297225463257)
(4, 1.3951592271347353)
(2, 1.3971231135982747)
(4, 1.3985662604535967)
(1, 1.4023737204573155)
(2, 1.385416964588901)
(3, 1.412156504567388)
(3, 1.3942904728033847)
(2, 1.3999788301790537)
(3, 1.3978935635837697)
(2, 1.4010534017723524)
(4, 1.4075817830235304)
(2, 1.3943799424807906)
(1, 1.4009486909580515)
(4, 1.3784352413398928)
(4, 1.3980277374121943)
(1, 1.4128544601295114)
(3, 1.4000732088954144)
(3, 1.391772935878058)
(1, 1.3838347039461631)
(0, 1.3955758333558335)
(0, 1.4099680533971073)
(0, 1.4064932139979067)
(1, 1.3593505618101385)
(2, 1.34213896738928)
(2, 1.393832485092718)
(4, 1.3740352291860343)
(3, 1.3994914223578236)
(2, 1.3968592092502952)
(2, 1.4048790075354782)
(3, 1.4077477277616477)
(3, 1.4084066591335835)
(2, 1.377736054291412)
(0, 1.4039052773961602)
(4, 1.404378436913195)
(2, 1.392061949260068)
(3, 1.3971967994598185)
(4, 1.4001935480367111)
(1, 1.3909562890244545)
(0, 1.4061093571414958)
(0, 1.4086269905106672)
(3, 1.410404606351953)
(2, 1.3851693513988947)
(3, 1.4119467620039146)
(3, 1.4131347292443643)
(1, 1.395828701786889)
(2, 1.4041380364449079)
(1, 1.3888161833733148)
(1, 1.388019709902556)
(3, 1.386044665199183)
(0, 1.3998237060488121)
(3, 1.3931957313540082)
(1, 1.3934152214256803)
(3, 1.4070556163661714)
(0, 1.4056279229195539)
(0, 1.301284798518988)
(0, 1.4055379325285817)
(0, 1.4008621404149288)
(3, 1.4095218338869888)
(4, 1.4052904089673082)
(0, 1.3877499032332636)
(2, 1.394487050779672)
(3, 1.4034224598170233)
(0, 1.4123478460607977)
(2, 1.395130257753116)
(1, 1.3923406990882476)
(2, 1.400082916229459)
(3, 1.3931332914047991)
(4, 1.3718863033125124)
(1, 1.3696698243454575)
(0, 1.3893231431206796)
(2, 1.4026727227751719)
(3, 1.4064315122050512)
(0, 1.3961130393296273)
(2, 1.401031962280628)
(1, 1.3705234635974712)
(2, 1.3806939045034214)
(0, 1.4101292201179125)
(2, 1.4010826879796623)
(4, 1.396096829709754)
(2, 1.3498095186009182)
(3, 1.3935574147994658)
(2, 1.4008270668874707)
(2, 1.396497268529254)
(3, 1.3878759275628638)
(2, 1.4076089391839741)
(1, 1.382260120393722)
(0, 1.4119276645923617)
(0, 1.4046703633559843)
(3, 1.3781717644859026)
(3, 1.4030427885586685)
(2, 1.389901801087296)
(0, 1.3782632775089705)
(4, 1.4000016522626537)
(2, 1.399565660368137)
(0, 1.402078435081086)
(3, 1.410673460210937)
(2, 1.4005525959393763)
(1, 1.4057592592776442)
(3, 1.392301195447916)
(1, 1.396229702359018)
(4, 1.3935420622789727)
(3, 1.3418790735923838)
(1, 1.4041637578423498)
(3, 1.3655500764291102)
(3, 1.3989955310725832)
(2, 1.4062137262954693)
(2, 1.399889813220493)
(4, 1.393690512965386)
(1, 1.3989808247022817)
(4, 1.374724869756601)
(4, 1.4035937787258914)
(3, 1.3819982087089162)
(4, 1.3955288862228015)
(2, 1.4107344063460745)
(0, 1.395170954893374)
(2, 1.3905056773559834)
(2, 1.4097525371537305)
(1, 1.408915039452446)
(4, 1.390125609058083)
(0, 1.3964129331559993)
(1, 1.3777959258807457)
(4, 1.4093588063071243)
(1, 1.3906873173377985)
(3, 1.3941001667499568)
(0, 1.3751051789233077)
(0, 1.4021051161157254)
(0, 1.4066031880439749)
(3, 1.3744418499501239)
(4, 1.3900624725661872)
(0, 1.3734780345134954)
(2, 1.4047122365228122)
(4, 1.3969434896041146)
(3, 1.393865878764356)
(3, 1.3973040209642547)
(2, 1.4040943726818267)
(1, 1.3972787067778858)
(1, 1.3009549601225896)
(2, 1.3916736045021771)
(0, 1.3998839336892885)
(4, 1.4065374104814403)
(1, 1.3729159568878178)
(3, 1.4117404139393943)
(2, 1.4045283315456667)
(2, 1.3941456656855868)
(3, 1.3982149620933164)
(2, 1.3912503507220273)
(2, 1.4046096730460393)
(0, 1.408591443782641)
(1, 1.411925588173367)
(2, 1.4099436395480134)
(1, 1.3987221986687817)
(1, 1.4126880356404732)
(4, 1.3322055609775671)
(3, 1.3308918420684686)
(2, 1.4006608506045797)
(4, 1.39524785066309)
(2, 1.4029134438237036)
(4, 1.3793433966905528)
(2, 1.4032267079927432)
(3, 1.3106377663884567)
(2, 1.392569728334994)
(4, 1.3317214521087564)
(0, 1.4077999961504897)
(0, 1.3761153329908948)
(0, 1.396174738868479)
(2, 1.3999537560061013)
(3, 1.382964125308137)
(4, 1.3815974588581879)
(4, 1.395248293861499)
(4, 1.39385742853134)
(1, 1.3775013629166357)
(2, 1.4010326256842225)
(2, 1.403363802724732)
(3, 1.3977308879910877)
(3, 1.402473358974667)
(2, 1.4108509993209495)
(2, 1.4082072591017127)
(4, 1.4025635134843797)
(0, 1.3992765169177488)
(2, 1.3900721750470388)
(2, 1.3780745458766108)
(1, 1.3917514533324997)
(3, 1.3942909121560674)
(2, 1.4131519325354938)
(2, 1.3746235940042775)
(2, 1.4106757330665018)
(3, 1.3173193959842335)
(2, 1.273641929706805)
(3, 1.411526816419896)
(0, 1.379898005828308)
(2, 1.3989609358174961)
(1, 1.391526587276623)
(3, 1.4133627585820023)
(4, 1.4032840029679998)
(3, 1.4001700149928467)
(0, 1.3993967484094492)
(0, 1.398389023843618)
(0, 1.374904930826447)
(1, 1.399094425065444)
(0, 1.4094408580072342)
(4, 1.4034297585741724)
(4, 1.3993325419340283)
(3, 1.3972749923425072)
(1, 1.3924458585865576)
(2, 1.3981947615762722)
(0, 1.3794423029725897)
(1, 1.3868431277289501)
(2, 1.3985261437663639)
(3, 1.3849551458330847)
(3, 1.3985209066114295)
(2, 1.400505369364772)
(3, 1.408228444960064)
(1, 1.3984483258891487)
(2, 1.3938574172455724)
(0, 1.396491355404496)
(3, 1.4127335631431768)
(3, 1.3908766147830434)
(4, 1.4025161190105377)
(2, 1.404132646605408)
(4, 1.392291484560774)
(1, 1.3874771290378778)
(2, 1.4084531056543426)
(4, 1.3830297914041179)
(1, 1.390984744070145)
(2, 1.4009897318930098)
(2, 1.3846803264783702)
(4, 1.4058733592442463)
(1, 1.2589103001682331)
(2, 1.3740263943639188)
(2, 1.3949688183131208)
(0, 1.3990261697396544)
(1, 1.4036922226712683)
(2, 1.4018807809182543)
(0, 1.4033288648823379)
(3, 1.4109145656473778)
(4, 1.4043980902568314)
(3, 1.4086438227791989)
(2, 1.3888876027638544)
(3, 1.3798398847682123)
(2, 1.393587552175928)
(1, 1.1513659066650421)
(4, 1.403179438023637)
(3, 1.39140975008555)
(2, 1.3315441827341936)
(0, 1.3727561339786545)
(3, 1.406638315629039)
(4, 1.3440823974050236)
(1, 1.3997454242033542)
(4, 1.3684457839965138)
(4, 1.4036992295416784)
(0, 1.3986714376214482)
(3, 1.3626316984368896)
(3, 1.4029948265133974)
(2, 1.392054973704766)
(2, 1.3942379246121765)
(2, 1.3955765721497244)
(3, 1.4059898165673632)
(0, 1.4097377266015534)
(4, 1.3988629113246598)
(0, 1.3916287438713044)
(3, 1.3591901101783055)
(2, 1.3994024139563244)
(3, 1.383387659833966)
(3, 1.3916697863877128)
(0, 1.3991479564075342)
(0, 1.4069076103654456)
(2, 1.402777456573433)
(3, 1.404453153515011)
(4, 1.3773047162602792)
(1, 1.3718205437257285)
(2, 1.3986040654096883)
(1, 1.4032073066523474)
(2, 1.4038300521222338)
(2, 1.3445149155358216)
(1, 1.3867519239450177)
(1, 1.3903620190260242)
(0, 1.387934395472218)
(4, 1.39770267694071)
(4, 1.3651730903321866)
(1, 1.3892176531758822)
(0, 1.3994690723524026)
(3, 1.4026347121594602)
(1, 1.398376921147692)
(4, 1.4128544593604244)
(1, 1.4046602999711326)
(2, 1.4053863588902469)
(0, 1.4048668921711402)
(2, 1.4074704153851736)
(4, 1.3931952962485785)
(1, 1.4115080931400947)
(4, 1.402059065981014)
(4, 1.4066067376834415)
(4, 1.3944674514252775)
(3, 1.4049564481216368)
(2, 1.3974587695706624)
(4, 1.3937825206498216)
(3, 1.3826134048048202)
(4, 1.4028494490864654)
(2, 1.410030033917948)
(3, 1.4124273273471966)
(4, 1.4085537001298198)
(3, 1.4020995885655976)
(0, 1.4005137872472186)
(3, 1.4038104283775301)
(4, 1.4091247588448474)
(0, 1.3566585661009258)
(0, 1.4058749935320194)
(4, 1.3958346887639042)
(0, 1.3969942628983067)
(1, 1.3339115035834925)
(1, 1.3971361479910158)
(2, 1.3817361887161983)
(0, 1.4109143348106454)
(1, 1.4011253656729752)
(3, 1.38320513093386)
(0, 1.3964662852180614)
(4, 1.4053990956408657)
(3, 1.393014158134266)
(3, 1.4005060300045415)
(4, 1.404826398510253)
(0, 1.4073557694142327)
(3, 1.3481305160426922)
(3, 1.3819755631853952)
(2, 1.391340585997096)
(2, 1.3856930480929548)
(0, 1.3892010453424872)
(4, 1.3889272297414041)
(2, 1.2835914310478074)
(3, 1.3872563572262513)
(0, 1.3997590277787182)
(1, 1.407460988893015)
(2, 1.4097259293511877)
(3, 1.388064459176822)
(1, 1.4108762378704747)
(0, 1.4046259879133656)
(1, 1.3600803211346637)
(0, 1.400183569720865)
(3, 1.382574455158887)
(3, 1.3766690151349872)
(4, 1.4039656411507184)
(3, 1.3906999337498271)
(4, 1.3972194407452045)
(1, 1.3558184062657814)
(3, 1.3664780173142073)
(3, 1.4004100148782725)
(2, 1.385965844623708)
(2, 1.3843666902783043)
(3, 1.3985083603046244)
(1, 1.4108968405173556)
(1, 1.3750370951850504)
(1, 1.3965030026487184)
(2, 1.3714100866533954)
(1, 1.4085730477310159)
(2, 1.4093213279518617)
(1, 1.4002078796017596)
(1, 1.4114246125623702)
(4, 1.3528762366081613)
(4, 1.4110248124841756)
(1, 1.3880031185659336)
(4, 1.4020864898940046)
(4, 1.3941102605996392)
(2, 1.393190637354231)
(4, 1.4029212681549648)
(4, 1.3959562171313802)
(3, 1.4047068534449647)
(4, 1.4117821151326189)
(3, 1.3983908057893035)
(2, 1.37008127464873)
(2, 1.3815783956259673)
(1, 1.3864505970132304)
(2, 1.4107460674476175)
(1, 1.3619537633830927)
(0, 1.3922389594692772)
(2, 1.3977766468792248)
(1, 1.408695837117363)
(0, 1.399333359669754)
(1, 1.4097311202137217)
(0, 1.3936818484457478)
(2, 1.403035151428206)
(3, 1.3966731483046317)
(3, 1.387455919263159)
(1, 1.4048188724726072)
(1, 1.402736224483074)
(4, 1.3945871252954907)
(0, 1.3947047152011005)
(3, 1.4097823436175698)
(2, 1.3949913600179822)
(4, 1.4069719578242126)
(2, 1.3865401872171113)
(1, 1.398081897754313)
(2, 1.4072251235866586)
(2, 1.3986480379132964)
(1, 1.383227333953796)
(4, 1.4124074583212414)
(4, 1.3969452886413027)
(4, 1.402679472378324)
(0, 1.3713861590271068)
(4, 1.3931005023414802)
(4, 1.406297640496298)
(3, 1.412049814998704)
(1, 1.390478298721268)
(1, 1.391408554775785)
(1, 1.3710211837399255)
(2, 1.4053249913649553)
(1, 1.400891274546627)
(0, 1.4022462426959674)
(1, 1.4028820309947672)
(3, 1.3697032343577293)
(3, 1.3964698115813292)
(4, 1.3976257271573946)
(2, 1.393719711675553)
(2, 1.407726973232962)
(4, 1.3720739930358175)
(3, 1.413206933114486)
(1, 1.3465247069887536)
(3, 1.2718710941000537)
(2, 1.4020562269310224)
(2, 1.3982577409490404)
(2, 1.4021095007904918)
(0, 1.4061258277854427)
(1, 1.390514525563459)
(1, 1.387183266386849)
(0, 1.3977531093842264)
(2, 1.4002541582037966)
(1, 1.3224432293239639)
(0, 1.3968840976165358)
(2, 1.4066822976190148)
(1, 1.4022848057346715)
(3, 1.4038100468395995)
(2, 1.3897359406426575)
(2, 1.3998690244522287)
(2, 1.3302889578200323)
(4, 1.4041306794942663)
(0, 1.4039503209715285)
(4, 1.4100427809271978)
(0, 1.3929739565977306)
(3, 1.398455993210482)
(1, 1.387247952897219)
(4, 1.383781309143605)
(0, 1.4033449489019767)
(1, 1.4094088568264596)
(2, 1.4112340738615878)
(0, 1.4123094688841127)
(2, 1.4076772664021573)
(4, 1.4054273445648695)
(2, 1.3958394930101181)
(0, 1.4037380623256719)
(4, 1.3924074791446988)
(1, 1.4117033378364818)
(4, 1.4054630411197684)
(1, 1.3871027511152278)
(0, 1.386265790770151)
(2, 1.4053517874002321)
(2, 1.4051981540499323)
(2, 1.4115892898804703)
(1, 1.394728940895692)
(1, 1.3853509361744678)
(3, 1.3687211399235122)
(4, 1.398885611761025)
(1, 1.3937470509184509)
(4, 1.3802900108873295)
(3, 1.3156614558066821)
(1, 1.4029334452944635)
(2, 1.4101156779102222)
(3, 1.3987842960256383)
(4, 1.3942340774706843)
(3, 1.4010725917887292)
(2, 1.3864506725798162)
(1, 1.4106712740535259)
(0, 1.3653978475791588)
(4, 1.4101526108276425)
(0, 1.4121469264632938)
(4, 1.411020694269281)
(3, 1.3896506075608348)
(2, 1.3938003589701227)
(2, 1.4097913574800967)
(4, 1.4069023129536922)
(2, 1.394564378761168)
(4, 1.39045671342532)
(3, 1.4071638691949346)
(0, 1.3926314162426503)
(0, 1.4064500967691977)
(4, 1.3874904478420393)
(1, 1.3837265198880755)
(2, 1.4078096686630484)
(1, 1.3818350436115356)
(1, 1.3974593577600396)
(1, 1.3845339302098898)
(4, 1.3916300088284546)
(3, 1.4114774089606053)
(3, 1.3800462338095818)
(3, 1.3820473294835023)
(4, 1.3675256610001438)
(4, 1.4137497926528966)
(2, 1.3826450187616484)
(0, 1.4092819084984645)
(4, 1.4112342833837521)
(3, 1.354848748761683)
(0, 1.4061562203892137)
(3, 1.3957018525536495)
(1, 1.4075053975782763)
(3, 1.3790465917967496)
(0, 1.411610437988563)
(3, 1.3580478531769886)
(2, 1.397011510481709)
(1, 1.3909148405516936)
(1, 1.3941136824665767)
(2, 1.3910366687751072)
(2, 1.3911437308584893)
(0, 1.4017463904318683)
(0, 1.3956627538306714)
(2, 1.387069842054354)
(4, 1.3965666092075149)
(4, 1.3574108369205078)
(4, 1.342061384756935)
(1, 1.388447059639575)
(3, 1.400697492071662)
(2, 1.4111826864228474)
(1, 1.3642751747831527)
(4, 1.4093010608351113)
(2, 1.4090569847288736)
(0, 1.3851517768059387)
(0, 1.4059649242631818)
(2, 1.3783033189322917)
(0, 1.4059864913098759)
(1, 1.3924721067214894)
(3, 1.4090868126051268)
(3, 1.3662638628302068)
(4, 1.3965459576011088)
(4, 1.3898400201094283)
(1, 1.4094679602327815)
(0, 1.404856244074439)
(3, 1.3951053106538238)
(1, 1.37720807505237)
(3, 1.3908558452634845)
(0, 1.3707712115890387)
(1, 1.4107812660833061)
(1, 1.4076635760283114)
(3, 1.4114358564029368)
(3, 1.3958631224500615)
(0, 1.400870647306869)
(0, 1.361168283904748)
(2, 1.4014295960707046)
(0, 1.4054277569245022)
(4, 1.3422943945699868)
(2, 1.4085430533133239)
(0, 1.4040876844267813)
(1, 1.3908448107676585)
(3, 1.3862560603049796)
(0, 1.4010318411619107)
(1, 1.4020213391010996)
(0, 1.412741853563315)
(1, 1.393931356346914)
(2, 1.4022604118545976)
(1, 1.3806110054634895)
(1, 1.3258824994552953)
(2, 1.3863490647106833)
(4, 1.3422511656714309)
(0, 1.409554831283963)
(2, 1.3505466087527291)
(2, 1.3884651642325725)
(1, 1.3938401146754849)
(1, 1.4089158182687742)
(3, 1.3794965484082449)
(0, 1.408913153285407)
(1, 1.37357104410628)
(4, 1.3890972624371345)
(0, 1.4031821482887425)
(1, 1.399325902067723)
(4, 1.4082914424439463)
(0, 1.3966800156705306)
(1, 1.351458315908123)
(0, 1.4016241810105436)
(1, 1.4039167621043334)
(0, 1.402761255849709)
(2, 1.4021179383612628)
(4, 1.3633673282370773)
(0, 1.3903001037293492)
(1, 1.3928672585884148)
(3, 1.4048098885638631)
(1, 1.4017743822416153)
(4, 1.4022116990316362)
(3, 1.408960575932336)
(1, 1.375133488987343)
(0, 1.3945326025326932)
(2, 1.381065816922521)
(4, 1.400830524243717)
(4, 1.3958121088574158)
(2, 1.4116463476019712)
(0, 1.4028919845995227)
(1, 1.3934323259927497)
(1, 1.4115090934306787)
(4, 1.3921075388864572)
(2, 1.3957335328173972)
(3, 1.4086448498763469)
(0, 1.401131184373319)
(3, 1.4110642424608741)
(3, 1.3851159010115621)
(4, 1.4003240352162465)
(3, 1.4112964851804655)
(1, 1.4121107354193163)
(3, 1.3873633900912283)
(1, 1.4109402179104675)
(2, 1.4001188532731879)
(2, 1.366929335160303)
(3, 1.3954627003906954)
(3, 1.3915546463542328)
(4, 1.4050095248968368)
(2, 1.4047308193006314)
(2, 1.3579055958366835)
(0, 1.395716723710014)
(3, 1.3952376650611957)
(2, 1.410822280656379)
(0, 1.410447096048729)
(4, 1.4005196747157587)
(3, 1.4016756526460512)
(4, 1.4112081443889248)
(3, 1.392077221127215)
(4, 1.3992067533176762)
(1, 1.3842366514826323)
(4, 1.3525311011203884)
(2, 1.3909427761643618)
(1, 1.391674647104766)
(4, 1.3951322160125486)
(1, 1.3696322204071327)
(1, 1.3719979498654606)
(2, 1.3888218435899369)
(1, 1.4048361629672246)
(3, 1.3885627697489848)
(3, 1.4120182630958371)
(4, 1.3971572224196915)
(2, 1.4012357063226206)
(3, 1.4111641604415819)
(1, 1.4020200791556476)
(2, 1.3820045876611422)
(0, 1.3971404777088634)
(4, 1.4107422273753192)
(2, 1.3871842150821265)
(2, 1.3626829549531951)
(4, 1.3807136459356384)
(2, 1.3744941218767548)
(1, 1.3925043759597884)
(0, 1.412570927487658)
(2, 1.3900042903248346)
(4, 1.4000372472799885)
(1, 1.411826008786183)
(3, 1.3502687640370516)
(3, 1.397375709927444)
(1, 1.3970798517537248)
(2, 1.4034587401084662)
(3, 1.4107132005425507)
(2, 1.4131879402033258)
(4, 1.405411023625555)
(0, 1.403092716766006)
(3, 1.4111957530496235)
(0, 1.3985372404173932)
(3, 1.3896221488305818)
(1, 1.4080678365278636)
(1, 1.3838900688150362)
(1, 1.37463135461792)
(0, 1.398545243224198)
(3, 1.399080509370173)
(3, 1.37573890043995)
(4, 1.3752914224125914)
(0, 1.401851234127758)
(4, 1.3995098762610279)
(1, 1.4086276918639968)
(2, 1.3925621276629558)
(2, 1.3984227214700822)
(0, 1.3962092954010525)
(1, 1.412395595092602)
(0, 1.394903651668676)
(1, 1.3935561905633649)
(1, 1.3964762767160077)
(2, 1.4084992173368354)
(1, 1.397708644768441)
(4, 1.4111836105650246)
(2, 1.3941693862497442)
(1, 1.4108368203104675)
(4, 1.400575527693041)
(3, 1.4064459039471204)
(0, 1.4082717615513638)
(1, 1.410689183630639)
(4, 1.3889845596813384)
(3, 1.392393975762173)
(1, 1.3849464707408388)
(0, 1.357137419152332)
(4, 1.410653999696572)
(4, 1.3897185271328674)
(1, 1.3889806603642365)
(3, 1.3743242096258805)
(0, 1.4123676343203861)
(1, 1.399814826774764)
(2, 1.4093028645142456)
(1, 1.4040138839195446)
(1, 1.3863263390658522)
(3, 1.4131755629998897)
(2, 1.3940295984225504)
(3, 1.3795758201493487)
(2, 1.4027170101901065)
(0, 1.3763495156258254)
(4, 1.4111740796637386)
(3, 1.3880911350905938)
(4, 1.3704112438237988)
(4, 1.4049489873042658)
(3, 1.4032020350771186)
(3, 1.394035413590807)
(1, 1.3606525553894067)
(2, 1.4026768026948164)
(2, 1.3790534225138513)
(2, 1.4046734251766908)
(3, 1.3920113490034323)
(3, 1.4096237281149446)
(4, 1.4077433850324683)
(3, 1.3793458957258846)
(3, 1.4011331524094481)
(3, 1.4059279968304488)
(1, 1.4034633665949583)
(3, 1.4065973868976667)
(2, 1.3893934772934475)
(1, 1.411551351903255)
(1, 1.400746801243004)
(3, 1.4074108372006247)
(4, 1.4066607755022846)
(0, 1.402317371866787)
(4, 1.3957553674016527)
(0, 1.3965407118556532)
(1, 1.395106193644486)
(1, 1.4002481309365427)
(2, 1.4099768558182713)
(4, 1.4022238202123953)
(2, 1.3920622755034788)
(1, 1.4079186037465017)
(1, 1.4028314660524783)
(1, 1.4057786406965938)
(3, 1.410907055497484)
(4, 1.3912443606908471)
(3, 1.3861444778490557)
(1, 1.4066585509167244)
(0, 1.3960374653922636)
(3, 1.4124731281190313)
(2, 1.4074528631975)
(3, 1.3994906054029934)
(1, 1.3691217439075931)
(0, 1.4006773768977152)
(4, 1.4061976805255456)
(1, 1.390246726205531)
(0, 1.405496206147454)
(2, 1.393817809400407)
(3, 1.3819590079736206)
(1, 1.3946023372442766)
(4, 1.3988146286128722)
(0, 1.3977258509022354)
(3, 1.4008478821381682)
(1, 1.3941241030388272)
(2, 1.4093377348152683)
(1, 1.3928278612028064)
(3, 1.4015774239013061)
(1, 1.401244022326542)
(1, 1.3640757337790126)
(1, 1.3988565335109635)
(2, 1.4135046562567142)
(1, 1.375010709021662)
(2, 1.3972969422530161)
(1, 1.3858221298273203)
(2, 1.4027295864846585)
(2, 1.4083154836196714)
(3, 1.3990069811154622)
(1, 1.3839264037569934)
(1, 1.3887309803780918)
(4, 1.397890120013065)
(0, 1.407495823005881)
(2, 1.4044198993625343)
(3, 1.4036421534134085)
(3, 1.3949002676759474)
(2, 1.3954346110669167)
(0, 1.4100505607531555)
(1, 1.4116643940458464)
(0, 1.4071941787790925)
(1, 1.4035741288617445)
(0, 1.4100135712484527)
(0, 1.39571746033239)
(3, 1.40239651629551)
(1, 1.378975912690251)
(0, 1.3977098164440167)
(0, 1.3790885706518712)
(0, 1.3943450347814736)
(4, 1.3787080234777633)
(4, 1.3821798107758976)
(2, 1.366564821637222)
(1, 1.409893199088014)
(2, 1.4045479452768976)
(0, 1.395936061152698)
(2, 1.2960793991248103)
(4, 1.3940407884650918)
(4, 1.386725332127561)
(0, 1.3873618102326315)
(4, 1.3975929948528376)
(0, 1.4048610710556735)
(4, 1.4021420455409928)
(1, 1.3823080833399846)
(4, 1.4057359308925235)
(3, 1.3965370531487558)
(4, 1.3769983832303954)
(2, 1.3820997932379029)
(2, 1.3777033534881653)
(2, 1.383224094829733)
(4, 1.3941265799586313)
(2, 1.39374864064397)
(2, 1.4041887439127716)
(4, 1.4094138921036747)
(3, 1.3118594908374992)
(2, 1.3932745593103004)
(4, 1.4002030268965062)
(0, 1.4041619559537675)
(1, 1.4074808887512131)
(0, 1.406256801286299)
(1, 1.3876076580707983)
(4, 1.3810583392188687)
(4, 1.3648444318651582)
(2, 1.375715325284546)
(4, 1.3353841531366846)
(1, 1.4028028381937083)
(2, 1.3815992544763755)
(3, 1.4095775008648765)
(1, 1.3960667921532393)
(4, 1.404195869919071)
(0, 1.409637710252326)
(3, 1.4026336416524139)
(3, 1.4068341946667144)
(1, 1.3968663254863962)
(3, 1.3962051590895677)
(3, 1.3744329554313672)
(1, 1.3649248828876799)
(4, 1.4078817684590874)
(1, 1.3990798262283644)
(2, 1.398155130979475)
(2, 1.407751974213025)
(4, 1.4039600253674132)
(4, 1.401129417275025)
(1, 1.1761951560047583)
(1, 1.4056756081629391)
(4, 1.4123712551348493)
(0, 1.3954123983358886)
(3, 1.4007368558018598)
(1, 1.4029120361770897)
(2, 1.3992253168656152)
(4, 1.403309704664971)
(1, 1.355891506704246)
(1, 1.2493045115429344)
(4, 1.3932082097505494)
(1, 1.2762967883707552)
(1, 1.4020845498196808)
(4, 1.3939952435785445)
(3, 1.402801785681365)
(0, 1.4038498942779374)
(4, 1.3918946648174981)
(1, 1.3878398310632587)
(4, 1.4022182276576964)
(3, 1.403236056676913)
(0, 1.3983905643183965)
(0, 1.4092370351811356)
(3, 1.3804843480309883)
(3, 1.4125331795084766)
(4, 1.4116522047831583)
(4, 1.4109219931914254)
(1, 1.4093493445171594)
(3, 1.402441466467541)
(4, 1.4101537202945318)
(0, 1.395662706759965)
(4, 1.4011110144643302)
(2, 1.395851896703912)
(0, 1.4037101364211804)
(4, 1.405385683988378)
(4, 1.3812940542749392)
(1, 1.385807121191545)
(3, 1.4039456335288176)
(4, 1.401878637550847)
(3, 1.4127569401119335)
(0, 1.4079321018697657)
(3, 1.4118170889931025)
(4, 1.3396452594692307)
(4, 1.401852858957159)
(4, 1.3581435178178185)
(3, 1.3936761469009418)
(0, 1.3896209906020422)
(3, 1.3648183382826475)
(3, 1.3979653592413215)
(4, 1.4027123869679694)
(1, 1.3723135517616676)
(2, 1.3858139180193487)
(4, 1.385100900959066)
(3, 1.3818964656569832)
(3, 1.4105279120688128)
(1, 1.3973777586506018)
(4, 1.3770775621130957)
(1, 1.3964774014058314)
(1, 1.409920497944893)
(1, 1.4107961167495744)
(0, 1.4069665369116993)
(1, 1.3980524043934843)
(4, 1.3684641459166464)
(0, 1.4052948195684503)
(3, 1.3947373365338491)
(0, 1.4069612812444203)
(4, 1.362124784466283)
(3, 1.4016418703893059)
(0, 1.4031552285367315)
(0, 1.4012599822041543)
(2, 1.237656409536263)
(3, 1.4122949498240274)
(1, 1.411183449405868)
(0, 1.3973784995127578)
(3, 1.411626227436543)
(3, 1.410765923360806)
(2, 1.370005990411114)
(4, 1.3847036001232165)
(3, 1.3964131855592128)
(4, 1.4034116832562962)
(2, 1.3908503617960706)
(2, 1.396420937274125)
(2, 1.4061506779975155)
(2, 1.4022734844128395)
(0, 1.4126160323140766)
(1, 1.3929778773699124)
(4, 1.399763469634277)
(2, 1.3991819621920343)
(0, 1.3978067411861104)
(4, 1.3643112207565349)
(2, 1.3823565644949807)
(3, 1.4000082435889252)
(1, 1.3908261034357885)
(2, 1.4083449665008492)
(4, 1.4043273808649686)
(4, 1.3919211512423861)
(4, 1.401838666570078)
(3, 1.3994410669006443)
(0, 1.3994062879188744)
(4, 1.2732360023578608)
(2, 1.3881849104297757)
(4, 1.4034101724544643)
(2, 1.37372872089688)
(4, 1.3831635441847165)
(0, 1.3898252425648958)
(3, 1.3843864995982242)
(1, 1.358837191283132)
(0, 1.4019008959926518)
(2, 1.405671107690668)
(2, 1.4095278226873393)
(0, 1.3926051634727155)
(1, 1.389679500228387)
(2, 1.3733165237743459)
(0, 1.4021569136130634)
(3, 1.3877453108953919)
(1, 1.3888669246992231)
(1, 1.376421590782552)
(3, 1.4024938766411703)
(0, 1.3503591370765076)
(0, 1.4034514065760881)
(2, 1.3680120522586738)
(4, 1.4101685616344914)
(3, 1.4076073468786678)
(0, 1.387373991870618)
(1, 1.4014462455313519)
(3, 1.3854293134204205)
(0, 1.401277225994553)
(0, 1.3983942245523178)
(1, 1.357090013574256)
(0, 1.4095935077218846)
(1, 1.3933085631585604)
(0, 1.4045510936794199)
(2, 1.398550678154249)
(0, 1.4108691627243253)
(3, 1.3863462255628791)
(2, 1.3500351227625225)
(4, 1.3724994986491006)
(1, 1.3929389531746037)
(3, 1.4060225225725456)
(3, 1.3838712691413293)
(2, 1.3898491070137247)
(2, 1.4013704375393148)
(4, 1.3834412359617776)
(4, 1.4003837318458077)
(2, 1.4126438284228184)
(0, 1.3924826855399137)
(3, 1.4127824096300816)
(3, 1.4122824251806245)
(1, 1.3973798235230415)
(0, 1.39349280337355)
(2, 1.4066211574432685)
(2, 1.380488645127658)
(1, 1.4036675879052718)
(0, 1.408287574476226)
(3, 1.4056385324665794)
(2, 1.4119438051797768)
(2, 1.3796627703905233)
(4, 1.4034544837569087)
(2, 1.3918765678608565)
(3, 1.4074758084581627)
(3, 1.3845263720451588)
(1, 1.3876262556061223)
(0, 1.395913085021641)
(2, 1.3991408788324018)
(2, 1.3949839453472355)
(2, 1.3967495819762086)
(4, 1.3879179861188273)
(4, 1.4059176351498666)
(4, 1.388499945060214)
(2, 1.3864318325746574)
(2, 1.3943354942222455)
(4, 1.3818557893267236)
(4, 1.4041838602774677)
(3, 1.4078608971779036)
(4, 1.3787675711398792)
(4, 1.4112746014023707)
(3, 1.4044924402422394)
(4, 1.36473027442971)
(2, 1.3742425502074749)
(2, 1.3953196977172337)
(4, 1.4130832598781478)
(4, 1.408111958914784)
(0, 1.3959114450610186)
(0, 1.3768350468238488)
(3, 1.3898719286807995)
(3, 1.368230724820615)
(3, 1.4042013245547365)
(3, 1.4026075516742527)
(2, 1.3952516486617255)
(2, 1.3940516480502088)
(3, 1.4069521283203414)
(0, 1.4098833769630699)
(2, 1.398710955008713)
(2, 1.3954004741958648)
(4, 1.3960401396039341)
(3, 1.39685118055968)
(4, 1.2986413145121811)
(1, 1.3815335954281027)
(1, 1.130236857107425)
(0, 1.4040015751753183)
(3, 1.3854786551868423)
(0, 1.3982251376495507)
(4, 1.3175714814816162)
(3, 1.409186687458287)
(0, 1.3803669332387303)
(3, 1.3586895880006227)
(1, 1.4024796282428074)
(1, 1.4112816366120904)
(4, 1.3970185819226584)
(4, 1.4130972302722213)
(3, 1.398473245643791)
(4, 1.357608029340462)
(4, 1.408324565096411)
(4, 1.4036356501077965)
(3, 1.4081188453404898)
(2, 1.3862348389713082)
(0, 1.3951428977843532)
(4, 1.368431707809754)
(1, 1.3951566567141358)
(0, 1.401833114758522)
(3, 1.404853226173735)
(2, 1.3851698216035808)
(3, 1.4122031041698362)
(3, 1.4092724304963014)
(0, 1.3769367751093502)
(4, 1.3948072821220885)
(2, 1.3838776150810093)
(1, 1.4026782137262954)
(2, 1.385044163771469)
(1, 1.4038468054693385)
(1, 1.400613703763064)
(2, 1.3890831341842884)
(3, 1.410042725461497)
(3, 1.3848727398484604)
(2, 1.396905890362283)
(4, 1.4030038260963584)
(0, 1.4009990685663074)
(3, 1.387649241076448)
(2, 1.3961465959796207)
(1, 1.40352899936971)
(0, 1.3499400764922291)
(4, 1.3980289588428316)
(4, 1.402111516180068)
(3, 1.404160850374246)
(0, 1.4117467388599476)
(4, 1.4069480081637877)
(2, 1.378306817403406)
(0, 1.378380309875349)
(4, 1.4031776248648107)
(4, 1.405192132072269)
(4, 1.393175256511957)
(1, 1.3946638443678012)
(2, 1.401516722092096)
(3, 1.4073738670924278)
(1, 1.402760106630333)
(1, 1.4009951820501114)
(0, 1.4106141451680212)
(0, 1.3813801814788012)
(0, 1.390252930863403)
(1, 1.3893666562369893)
(1, 1.3989308128101436)
(3, 1.4066918404055317)
(0, 1.400260842263463)
(4, 1.3982760416428996)
(1, 1.3988027919576365)
(3, 1.3908866175862469)
(4, 1.4102303356174004)
(2, 1.3913236530586486)
(4, 1.3917843807728216)
(4, 1.393350391022925)
(0, 1.4010682964040537)
(2, 1.380098214030093)
(0, 1.4095374647409886)
(3, 1.3960781193645466)
(1, 1.3938238138115522)
(3, 1.406075327150694)
(0, 1.398909236334684)
(4, 1.4030645789857512)
(0, 1.3992941874000224)
(1, 1.410431096159826)
(3, 1.3891462571869992)
(0, 1.382997540539605)
(1, 1.4063686172187089)
(2, 1.4085727314805756)
(0, 1.405083486626362)
(1, 1.3934735904330184)
(0, 1.4070277750577984)
(0, 1.395437346957628)
(4, 1.3688652514528585)
(0, 1.4004020305298708)
(0, 1.3523720728225384)
(2, 1.401990105532613)
(2, 1.3853385041309416)
(1, 1.3952887400974725)
(1, 1.4010465396611036)
(0, 1.4091162669273913)
(0, 1.3941218918648866)
(1, 1.3815258695135608)
(4, 1.405761517086232)
(2, 1.3903423149715932)
(1, 1.4061523594907692)
(1, 1.4040206633224033)
(4, 1.401394777450441)
(2, 1.402318016437161)
(0, 1.4061204495951667)
(1, 1.2085525982078003)
(4, 1.4033194527092054)
(1, 1.3989104992595838)
(1, 1.382837107763279)
(0, 1.3945811125662335)
(0, 1.397996614750482)
(2, 1.3998758821816926)
(4, 1.3877528674526771)
(3, 1.4122482615749328)
(2, 1.4014141422738624)
(1, 1.4086379189186664)
(2, 1.398713856598092)
(0, 1.396494658660835)
(2, 1.3848995348302169)
(0, 1.3948608035261432)
(2, 1.3835020273829903)
(1, 1.4042066055451154)
(3, 1.4075232888714089)
(4, 1.3966233239923014)
(1, 1.400751405783916)
(3, 1.4026945065348173)
(1, 1.3972681810321665)
(1, 1.4094013831430474)
(4, 1.3585567561188332)
(1, 1.396662435021944)
(2, 1.399623278726171)
(2, 1.3936817342991106)
(0, 1.3961704396131418)
(4, 1.3792317784228911)
(4, 1.3968548951236794)
(2, 1.398421448580462)
(1, 1.4002892188997926)
(4, 1.4046667856357247)
(2, 1.4126385962390917)
(1, 1.4097356368673704)
(1, 1.388255068404874)
(0, 1.4101021651230263)
(0, 1.4036875496306171)
(4, 1.3865805386413634)
(4, 1.3947866957019703)
(0, 1.394817579981879)
(1, 1.398056973134074)
(4, 1.3643392673800807)
(3, 1.3791843509642183)
(3, 1.407918706495176)
(3, 1.3852240592037217)
(1, 1.388903936116831)
(0, 1.3999080006890288)
(4, 1.3942333737469654)
(2, 1.3995738059154403)
(0, 1.3984601809927484)
(4, 1.4078776071587222)
(2, 1.4017816696211256)
(4, 1.400978718090126)
(2, 1.3526471105880202)
(3, 1.4114952919312411)
(3, 1.374112573144122)
(3, 1.3965139723192193)
(1, 1.379739529757186)
(1, 1.4052690247200823)
(0, 1.3987999945761478)
(1, 1.3706203167375526)
(3, 1.3946555407795878)
(2, 1.4042668149502893)
(1, 1.3939988968459223)
(1, 1.4049681779784797)
(1, 1.3927699073369955)
(4, 1.393274935974658)
(4, 1.3863617257977077)
(3, 1.3918042142120592)
(4, 1.4034633361558022)
(4, 1.3932786695002404)
(4, 1.4112815288513072)
(2, 1.385264838654825)
(1, 1.4077071278209)
(3, 1.390950047086638)
(0, 1.3772203295976457)
(3, 1.4118316211067432)
(4, 1.4073234759989477)
(3, 1.392397239674413)
(0, 1.3871569872024636)
(1, 1.4066041918550711)
(2, 1.2795356872560593)
(4, 1.4014512527664171)
(2, 1.3685191759460982)
(1, 1.4091812064236628)
(1, 1.387614133963089)
(0, 1.407040236658924)
(3, 1.4125321879594896)
(1, 1.384304057743064)
(1, 1.385628806845996)
(4, 1.3996474405520756)
(3, 1.2839704593646812)
(4, 1.4014960443506022)
(2, 1.4063272129661075)
(4, 1.3643679346741329)
(1, 1.3694663627889907)
(4, 1.3632482204715963)
(3, 1.4070854932267243)
(3, 1.4075429208582182)
(4, 1.400163999534697)
(4, 1.4056376917668367)
(3, 1.4069837302569108)
(2, 1.4028276488138305)
(0, 1.4008767380477065)
(1, 1.409838164468694)
(2, 1.4119121361020783)
(3, 1.4066696054670267)
(1, 1.3920047428805593)
(1, 1.3981299309956827)
(3, 1.384458688862346)
(3, 1.4073294051601457)
(2, 1.3843404885220834)
(1, 1.4112500497584124)
(0, 1.3995819359685084)
(2, 1.399294813914868)
(2, 1.4045102576059905)
(2, 1.3580341993992577)
(3, 1.4061399440525288)
(0, 1.407853326184039)
(4, 1.3718400079126192)
(2, 1.3790045124185737)
(3, 1.3679627591445096)
(2, 1.3902803025209594)
(2, 1.4042569040802115)
(0, 1.4023723843478073)
(2, 1.4051509948439107)
(4, 1.4021482552732671)
(3, 1.3895358954850479)
(2, 1.4096330126445595)
(3, 1.3603560763540892)
(3, 1.4065937879332266)
(3, 1.3964809016125768)
(0, 1.4024822420138259)
(2, 1.4045580720509339)
(4, 1.3989762436440556)
(0, 1.4052293860442575)
(3, 1.408912243736904)
(4, 1.4108387211109479)
(3, 1.3862000493977806)
(1, 1.4084704198483933)
(0, 1.3972764955364383)
(3, 1.40101547403908)
(3, 1.411888063902589)
(1, 1.3748692456935776)
(3, 1.3928072600777859)
(3, 1.3869743778812174)
(0, 1.4101804887635618)
(2, 1.401824704547145)
(2, 1.4010362230761624)
(1, 1.4005344480942457)
(4, 1.4017607632197475)
(3, 1.3940719863112587)
(1, 1.4030396305520803)
(3, 1.3868797072217143)
(4, 1.4059749765259826)
(1, 1.39724097568046)
(3, 1.4132126598108476)
(1, 1.4086549434281304)
(0, 1.3727205000164477)
(2, 1.3953935356296214)
(4, 1.4112135989516204)
(2, 1.401311118827757)
(2, 1.395943686898534)
(2, 1.4111978266904726)
(2, 1.409543702323827)
(2, 1.388251261918103)
(1, 1.3987418210690645)
(3, 1.3924218056069129)
(2, 1.3536410058849897)
(0, 1.408464831981096)
(2, 1.3976089503696114)
(3, 1.4026237186486505)
(1, 1.4041971321076148)
(1, 1.4098791416232397)
(2, 1.3866827732451625)
(4, 1.3723938632653458)
(3, 1.3785212822268738)
(2, 1.4017331050041295)
(2, 1.411435341862468)
(4, 1.3572311338715768)
(0, 1.4074025462475712)
(4, 1.3857507033205971)
(3, 1.4099397751795772)
(3, 1.4013081216922276)
(2, 1.412336610999847)
(3, 1.408054813773073)
(3, 1.4123920707237774)
(0, 1.4050320884369814)
(3, 1.40481473428983)
(3, 1.2899748975476668)
(4, 1.404488119479434)
(1, 1.3734643815034782)
(1, 1.3958702878109812)
(3, 1.3770222019883889)
(0, 1.4025298673980262)
(1, 1.3859164966210673)
(4, 1.3937753200808354)
(0, 1.4060522226992715)
(3, 1.412747011417071)
(3, 1.4092633807833308)
(1, 1.3839283182646325)
(2, 1.3903256083067532)
(1, 1.4071198268257543)
(0, 1.4060484376620348)
(2, 1.3718331796968628)
(0, 1.4077627196317974)
(4, 1.403189782368112)
(2, 1.3969198495731854)
(1, 1.1814662129535851)
(4, 1.3907836525377364)
(2, 1.3786193666402533)
(0, 1.395486269924758)
(4, 1.409548145776683)
(3, 1.3937024446503927)
(4, 1.4119581161611003)
(3, 1.4125438502290044)
(4, 1.406016334100887)
(2, 1.4070697326321833)
(3, 1.4080775618890138)
(2, 1.4062179558526622)
(2, 1.3810871221389005)
(4, 1.2370161634416315)
(2, 1.4074327142836196)
(0, 1.399697462232654)
(0, 1.4022844565482948)
(1, 1.3916362338560055)
(4, 1.376599020098779)
(1, 1.3851243582717405)
(4, 1.3966688688708844)
(1, 1.4088617945262314)
(1, 1.396489650030094)
(4, 1.4027934889169953)
(0, 1.4046325665816823)
(2, 1.4022132593669712)
(2, 1.4022503620536313)
(1, 1.1764747361618895)
(4, 1.4003055298558986)
(3, 1.3950619936475899)
(1, 1.3932363668455)
(0, 1.3933572865133776)
(2, 1.3846761890215953)
(3, 1.3972700419936592)
(1, 1.4051963809121626)
(4, 1.4073314381310345)
(0, 1.365588634743792)
(4, 1.4043000472309282)
(0, 1.4046570636839955)
(4, 1.3944780517284479)
(0, 1.4074754667678429)
(1, 1.4065275716848595)
(2, 1.399964688047336)
(4, 1.4007002515063771)
(2, 1.3958675824405344)
(3, 1.412097618531812)
(0, 1.3843354947525792)
(1, 1.3953133166676945)
(0, 1.4046664317810278)
(1, 1.375043351328282)
(2, 1.4023066190592068)
(4, 1.3828956156859096)
(4, 1.397183686352308)
(4, 1.3893721030004438)
(4, 1.3960175056754802)
(2, 1.3860066247338454)
(1, 1.4053510025937375)
(4, 1.369688444890651)
(2, 1.4033757799819815)
(1, 1.4078327578273242)
(4, 1.3923324748940906)
(3, 1.3914063657629108)
(3, 1.407134052913301)
(2, 1.3996293559625923)
(2, 1.388892771979212)
(4, 1.4042405284164747)
(2, 1.4046145457269115)
(2, 1.3992467618169722)
(0, 1.3991151654522875)
(3, 1.3732610254073179)
(0, 1.309453427323593)
(3, 1.3978640512883804)
(3, 1.4098141650390272)
(1, 1.400330207454677)
(4, 1.3776559291891863)
(1, 1.3720083211668215)
(4, 1.4110375039062917)
(4, 1.404185087783842)
(0, 1.3423465180018117)
(3, 1.4124651039874114)
(3, 1.4039280009203734)
(0, 1.4089177006794804)
(1, 1.4082702624063341)
(2, 1.4018088945447167)
(4, 1.4020447849429918)
(1, 1.3483659856031252)
(0, 1.4078131869604857)
(3, 1.4127793980807335)
(4, 1.39954946769617)
(1, 1.2947201069174574)
(3, 1.376361139994213)
(2, 1.4110496191012003)
(4, 1.3853634546819973)
(3, 1.4029440938162985)
(0, 1.4056161646263696)
(3, 1.4109017244479543)
(2, 1.3517715583479597)
(3, 1.4113817943346199)
(2, 1.3991918829947156)
(0, 1.407834802926153)
(3, 1.3507067701016013)
(3, 1.4018183300389935)
(3, 1.4051354282773878)
(2, 1.369717628724697)
(4, 1.3841055805052442)
(4, 1.3948364991497817)
(0, 1.398621007879961)
(0, 1.4035288463117888)
(0, 1.4075177630913944)
(4, 1.4082915442509285)
(4, 1.41277515814627)
(4, 1.401230621245343)
(1, 1.3856173163152419)
(4, 1.350186303465718)
(0, 1.4018819403084188)
(4, 1.3966411693527154)
(0, 1.399062152015611)
(4, 1.3893253685814686)
(0, 1.3971079451805233)
(2, 1.3712426946004785)
(1, 1.3862258906650045)
(3, 1.403306042194977)
(4, 1.4037047103198341)
(1, 1.3982866201769477)
(4, 1.407556380357398)
(3, 1.4039252936442055)
(4, 1.4002305805570028)
(1, 1.3911452104968505)
(3, 1.403650638427139)
(2, 1.3947643694381708)
(3, 1.3908023798512776)
(3, 1.3838449226411405)
(0, 1.364750983334143)
(4, 1.397634669717215)
(1, 1.4020579964872715)
(2, 1.3986013284112606)
(0, 1.3826485573489375)
(4, 1.3809710172530718)
(2, 1.4034407804361748)
(0, 1.4004547514891466)
(2, 1.4130680317971314)
(3, 1.3901887792297074)
(4, 1.3779720483848372)
(0, 1.3988054404527008)
(1, 1.4059026837649695)
(4, 1.3441572577862169)
(2, 1.3608858135591975)
(2, 1.3824146595829716)
(0, 1.3974518349074578)
(2, 1.3902017650130674)
(4, 1.4094628829466662)
(1, 1.4080839299142751)
(1, 1.401152292183189)
(4, 1.4107379845714472)
(2, 1.3968794285916832)
(1, 1.369095429458886)
(0, 1.3966014327462237)
(4, 1.4022501095302025)
(3, 1.4035452153351637)
(1, 1.3998447899266875)
(3, 1.4037127850797106)
(1, 1.3962937701360651)
(3, 1.3627356964428563)
(3, 1.3890694085317914)
(2, 1.4022944085397628)
(4, 1.402565580183789)
(1, 1.4001836674834143)
(0, 1.4058479307957388)
(1, 1.4029469612259833)
(0, 1.4076665117136833)
(2, 1.3953173530672986)
(4, 1.3924457319529353)
(3, 1.400524840431001)
(4, 1.369109112709768)
(0, 1.4122425828569722)
(1, 1.1737964495418935)
(2, 1.3666662760792547)
(4, 1.3653749651278357)
(0, 1.4008918696157124)
(4, 1.3691784211227027)
(0, 1.368993163605467)
(3, 1.4089329678078693)
(1, 1.4060800952822057)
(3, 1.4129136451998834)
(1, 1.3686529217251027)
(4, 1.4042617669420767)
(3, 1.405937075962518)
(2, 1.3619824856122622)
(1, 1.364886347530129)
(3, 1.3882733032128363)
(3, 1.4005823989018726)
(4, 1.3780030540614516)
(2, 1.402898181245493)
(4, 1.3972996697577182)
(4, 1.389960129148063)
(2, 1.4028811669445977)
(3, 1.403992537364407)
(4, 1.4003667553236396)
(0, 1.391662276189481)
(1, 1.3993596966792614)
(1, 1.0694214922604173)
(4, 1.4096325794423756)
(1, 1.3937456988470347)
(1, 1.4018119240517193)
(0, 1.3743224837138024)
(1, 1.4072429681908223)
(1, 1.3815598904012754)
(4, 1.4116249678206083)
(3, 1.3889903806190058)
(0, 1.3846410500491293)
(2, 1.4018380776008856)
(1, 1.4037856218303535)
(1, 1.3876537857163163)
(4, 1.3900142569856868)
(3, 1.412641505607036)
(2, 1.3204369663118398)
(2, 1.391180675930117)
(1, 1.4133104544945219)
(2, 1.3917363118808437)
(2, 1.39270766179413)
(4, 1.3990466898828016)
(3, 1.3888579855923757)
(2, 1.3920852947453448)
(3, 1.39461735520764)
(1, 1.410502284028808)
(3, 1.3989689084692778)
(3, 1.4090892477214003)
(3, 1.400792651658026)
(3, 1.4006464770055207)
(0, 1.4036377655550025)
(0, 1.401387711851753)
(1, 1.3548575556765607)
(1, 1.404398405204867)
(2, 1.3955280433798276)
(4, 1.411400308643585)
(4, 1.4010984308713472)
(4, 1.4043176947472535)
(3, 1.3928787378241627)
(4, 1.405180936483289)
(1, 1.4054102499615861)
(1, 1.383605181938615)
(2, 1.4010150499794813)
(0, 1.408221647595566)
(1, 1.4056760616169126)
(4, 1.395629398294646)
(4, 1.403536464758865)
(1, 1.3742098703235894)
(4, 1.360657830602798)
(4, 1.4010080379006682)
(3, 1.410212928649103)
(1, 1.4011580950938738)
(2, 1.3948389497825016)
(1, 1.3902328046800907)
(4, 1.403105335147868)
(0, 1.4014517225812808)
(1, 1.4094513968926332)
(3, 1.2918786548523127)
(0, 1.4056472611040334)
(1, 1.3890293417633603)
(3, 1.3833806034814342)
(1, 1.3968073761226125)
(2, 1.4077753054970177)
(0, 1.3830318085849127)
(1, 1.3994546540638588)
(1, 1.409860649665505)
(0, 1.4092912769401593)
(1, 1.4121368204335207)
(4, 1.4000787073943595)
(4, 1.399203993313465)
(1, 1.3922695749740361)
(0, 1.4068629244451964)
(0, 1.4049285025417055)
(3, 1.4124052507045635)
(4, 1.401037129167294)
(0, 1.355934463869204)
(1, 1.400418454054461)
(1, 1.411131520321546)
(0, 1.3973593393304244)
(2, 1.3985522331415885)
(4, 1.4076242409582442)
(1, 1.4086107893208784)
(3, 1.3707983263919723)
(0, 1.3818332110284797)
(4, 1.4000614287430155)
(3, 1.3959121298688077)
(2, 1.3808580066957383)
(0, 1.3883730050646834)
(3, 1.4099983728329253)
(4, 1.4066238724827151)
(0, 1.399435322081012)
(1, 1.4083339951469362)
(1, 1.4047402185620683)
(1, 1.377382257021749)
(3, 1.3890405633131235)
(3, 1.399543774090003)
(2, 1.3986739979276175)
(2, 1.4033518558741087)
(4, 1.4071902495946536)
(1, 1.4022639735802152)
(3, 1.3784518524652793)
(3, 1.411594603797664)
(0, 1.4031102264074937)
(0, 1.3930599537512345)
(2, 1.3739332855612008)
(4, 1.3816304021317831)
(0, 1.3952621786280122)
(0, 1.4030915623750901)
(4, 1.4026677628880941)
(4, 1.375947792589112)
(2, 1.3843051776390105)
(1, 1.3743637767694679)
(3, 1.4029060846100114)
(4, 1.4052856696839486)
(0, 1.3603445585905254)
(0, 1.4110744900877688)
(4, 1.3697104867781433)
(4, 1.4051745051458697)
(1, 1.376200417282743)
(1, 1.3986029199929266)
(2, 1.4101095007945281)
(3, 1.3902311626417485)
(1, 1.3719115416659873)
(0, 1.3932502995202762)
(4, 1.3651611606554113)
(0, 1.4032952914215604)
(4, 1.4032365539841545)
(0, 1.3834632892958325)
(0, 1.3872103613740756)
(3, 1.4052869910770125)
(1, 1.397274173042542)
(4, 1.3973851679695408)
(2, 1.401459048652941)
(0, 1.407038271158077)
(2, 1.3918587957248916)
(2, 1.388407895457822)
(3, 1.3840620736735947)
(1, 1.4041985148400038)
(4, 1.370776674295855)
(0, 1.4055200965210992)
(1, 1.4065401528770982)
(2, 1.4036378079397558)
(4, 1.3922849161270197)
(4, 1.405386193503739)
(3, 1.39341213038177)
(4, 1.395099013479067)
(0, 1.385665517228215)
(4, 1.4051476668931442)
(4, 1.3500551460837844)
(2, 1.186596291260872)
(0, 1.3957866275428192)
(4, 1.4057853147171115)
(3, 1.3571213834418794)
(4, 1.4039100909047089)
(3, 1.3649616277231966)
(4, 1.4040059008297692)
(4, 1.3936669535588464)
(0, 1.37954441215324)
(1, 1.3922150188977576)
(4, 1.3996326351256119)
(3, 1.4116780156648219)
(0, 1.4021936170456186)
(2, 1.3953508964740056)
(3, 1.4020240395826018)
(4, 1.3281891758047173)
(4, 1.3959902131006712)
(4, 1.389399562875524)
(3, 1.4108592322513827)
(2, 1.3929217929379398)
(0, 1.4007519270643671)
(3, 1.3716347807478828)
(1, 1.3891998031500472)
(2, 1.3802518095996417)
(0, 1.3950916080694198)
(3, 1.4069219030057405)
(4, 1.3989565616921147)
(4, 1.3772247814766871)
(1, 1.385535636258274)
(1, 1.384341429241068)
(0, 1.398233724987495)
(4, 1.33919368774156)
(2, 1.4047024651153863)
(2, 1.3887122925876376)
(0, 1.3914412956163225)
(4, 1.39712182439053)
(3, 1.3957744643869352)
(3, 1.4050925402295535)
(1, 1.3760953723542952)
(2, 1.3979902618820281)
(0, 1.3703634926608472)
(3, 1.4009714492553873)
(3, 1.388555830728353)
(2, 1.372165897731626)
(4, 1.4020039863926763)
(4, 1.3890373956491142)
(0, 1.4044234898252363)
(3, 1.3898241903525639)
(1, 1.4008213047324267)
(1, 1.4011175867771117)
(3, 1.395760333253855)
(1, 1.4017302628982893)
(1, 1.3760210039402845)
(3, 1.4007576410004203)
(2, 1.3179466095131889)
(2, 1.4009097665565329)
(0, 1.4044298815529517)
(1, 1.4063709326428042)
(3, 1.3810335629462032)
(3, 1.400188046818819)
(4, 1.304184948380682)
(3, 1.4021163749993943)
(2, 1.402472733338876)
(3, 1.4138283240437832)
(4, 1.393050616699248)
(3, 1.4059571955284575)
(3, 1.4068090215888809)
(3, 1.395352394299373)
(3, 1.3926278107857089)
(2, 1.3988157216433503)
(4, 1.4051714924481031)
(2, 1.4033946113961484)
(1, 1.4118207397355371)
(4, 1.3951132670761162)
(2, 1.403195680337573)
(2, 1.4020491906904633)
(3, 1.4022382534358937)
(4, 1.300547049085939)
(2, 1.387068796762567)
(2, 1.39197864823757)
(1, 1.3983178165742403)
(3, 1.3935556641681353)
(4, 1.3787663317820893)
(1, 1.3832751480748453)
(4, 1.3758188463592966)
(2, 1.3831802097769657)
(3, 1.379631921034382)
(0, 1.4030678224484878)
(1, 1.4094604723786706)
(1, 1.3679857350223459)
(0, 1.4051426790569728)
(1, 1.4032016096226458)
(3, 1.4047924409613812)
(0, 1.405946741260238)
(2, 1.4121242539090708)
(0, 1.3964241392000742)
(2, 1.409722580271926)
(4, 1.4001548535452535)
(2, 1.3863093471477523)
(1, 1.386784151675426)
(3, 1.3663227222509529)
(1, 1.3936086945151411)
(1, 1.3873388561229896)
(3, 1.410528674703393)
(3, 1.405417027615537)
(0, 1.4050155054959097)
(3, 1.405043280185746)
(4, 1.4026919709433456)
(4, 1.3853316934487652)
(0, 1.364471331079694)
(2, 1.403056484427542)
(3, 1.391277480744096)
(0, 1.4123570418718387)
(3, 1.403289750017518)
(1, 1.3814607879100744)
(4, 1.4128356775861397)
(4, 1.3687500936655606)
(3, 1.3934838275398547)
(4, 1.4097453144001366)
(0, 1.40710134273212)
(3, 1.303138885637912)
(4, 1.3731606515431292)
(1, 1.4044615213482334)
(2, 1.3916701129680664)
(4, 1.3993606690126443)
(3, 1.4129478357848018)
(4, 1.3906623449451037)
(2, 1.3666488351159163)
(2, 1.394491282046503)
(4, 1.398107316687804)
(3, 1.363535082351588)
(3, 1.409783198046224)
(1, 1.4043855113988455)
(2, 1.3752548121450292)
(4, 1.3838473365965718)
(4, 1.3996950270865005)
(0, 1.4032279670284469)
(2, 1.3873255332151138)
(1, 1.3984267403142001)
(2, 1.3872549294300578)
(3, 1.3916258577693128)
(2, 1.4073693235592217)
(0, 1.3946430827559786)
(1, 1.3983120468637298)
(4, 1.3001264956145564)
(0, 1.4020886472287204)
(4, 1.3888507774164636)
(4, 1.4022787176550944)
(4, 1.3844951989799033)
(2, 1.4026387637428492)
(3, 1.3959036656628157)
(1, 1.3897979401261296)
(4, 1.3895926159962542)
(1, 1.3896761094959793)
(2, 1.3834057570517504)
(0, 1.403969346388687)
(3, 1.4034857356717103)
(1, 1.3825019291600715)
(2, 1.396296421622498)
(2, 1.392503123057854)
(0, 1.4048693815693722)
(1, 1.390035057787691)
(1, 1.4079789490357648)
(3, 1.3878801385111532)
(1, 1.388000595000484)
(1, 1.4103664581154154)
(4, 1.3234934044230793)
(2, 1.398351862836711)
(2, 1.3735718511847823)
(3, 1.4101611466483905)
(2, 1.402716663502321)
(3, 1.4074558547435514)
(4, 1.3752823171477)
(0, 1.4093882536173195)
(2, 1.3997557371234057)
(0, 1.3988381260861227)
(3, 1.4100283316574416)
(1, 1.4065338047495068)
(2, 1.3920059479242586)
(1, 1.3914802792225618)
(1, 1.3908807598698838)
(3, 1.4040860103074202)
(2, 1.3996069356483578)
(4, 1.4127553926969871)
(1, 1.3880688713748295)
(4, 1.3841604463138253)
(2, 1.402582743177223)
(0, 1.3844874285881728)
(0, 1.385049767405221)
(3, 1.4088531789680534)
(4, 1.3572686050965144)
(0, 1.4003809319981366)
(0, 1.3664410309035853)
(2, 1.401692423265007)
(1, 1.347936584295393)
(1, 1.3957745015508847)
(1, 1.4134614388773465)
(4, 1.4127980724714375)
(1, 1.3787170906433148)
(3, 1.411695708145698)
(4, 1.4021201690336258)
(3, 1.4092761554169055)
(2, 1.396048175804362)
(3, 1.411094891429683)
(1, 1.375234655639531)
(0, 1.3818742986028816)
(3, 1.3972388508947222)
(3, 1.3819200905664493)
(1, 1.411146543365131)
(4, 1.3847502459152343)
(1, 1.3948996042189958)
(3, 1.4057991513978203)
(1, 1.3819813859129926)
(4, 1.405663883772988)
(4, 1.3983405851585082)
(4, 1.3923454308443146)
(4, 1.3431442304500467)
(4, 1.396592064735531)
(0, 1.3994346171522987)
(4, 1.3469242678125537)
(4, 1.3791697520042892)
(0, 1.3879920076648784)
(2, 1.407120742890042)
(1, 1.3989143022040376)
(3, 1.3849047521470563)
(3, 1.373672390892036)
(3, 1.2912271935767303)
(3, 1.3967052061906429)
(1, 1.3825258386949129)
(2, 1.4000671166224306)
(1, 1.397642286287987)
(1, 1.3838456635213197)
(4, 1.4072172806218584)
(2, 1.3827181873607173)
(3, 1.3801471180217262)
(3, 1.4104422490100799)
(2, 1.3876314194974881)
(1, 1.4052919633424803)
(3, 1.3807578962856906)
(1, 1.3833733750722568)
(3, 1.402749581646928)
(2, 1.2144153923321985)
(2, 1.270257712486271)
(2, 1.380611636620162)
(0, 1.3845896430273603)
(2, 1.378139520089356)
(1, 1.4116100874035211)
(1, 1.2423798849544976)
(2, 1.407270443784855)
(2, 1.410501122959046)
(1, 1.4058048424971006)
(3, 1.4128422650480321)
(4, 1.4108653299285596)
(0, 1.389686091413085)
(4, 1.3164009628759377)
(1, 1.404758364605317)
(0, 1.3991281145764667)
(4, 1.403638790126865)
(0, 1.1821220121510776)
(4, 1.3969279461512991)
(2, 1.3891248740731739)
(4, 1.4033974032621186)
(1, 1.375715584290895)
(1, 1.4064609868660762)
(3, 1.4005335440406974)
(4, 1.3953345542839792)
(0, 1.357954417471176)
(2, 1.3444085947131403)
(1, 1.4016698105168708)
(1, 1.4082114070769336)
(3, 1.1467280744913764)
(4, 1.394389271228554)
(3, 1.4114374446584175)
(2, 1.408625565423929)
(2, 1.4024795076196181)
(3, 1.3898103332800424)
(3, 1.3728862869068397)
(0, 1.4034035655724144)
(2, 1.4125937981303254)
(2, 1.397474160379922)
(0, 1.4016300157856363)
(2, 1.4029421250448193)
(3, 1.3951858582455845)
(0, 1.3622806577712798)
(2, 1.3881251836246056)
(3, 1.3938944845165704)
(0, 1.4032915054618447)
(2, 1.372563891006097)
(3, 1.3786657975805519)
(1, 1.3877438875508774)
(4, 1.3969347127528475)
(4, 1.4054754904898086)
(3, 1.2625203255799153)
(4, 1.4076638067157348)
(2, 1.4030817822569575)
(4, 1.3973072846401302)
(0, 1.3992950306355203)
(2, 1.402324335885759)
(1, 1.4095511025184415)
(1, 1.401538164035598)
(2, 1.4107956544435158)
(2, 1.3904187344056884)
(1, 1.4049056877842496)
(1, 1.37762342725946)
(3, 1.3799468223429925)
(4, 1.3946994763201594)
(2, 1.3864590328064679)
(0, 1.4117700308163954)
(4, 1.3807699443288763)
(3, 1.3846161461653683)
(2, 1.3969828094401477)
(1, 1.40959652324092)
(1, 1.3590999827081556)
(1, 1.4043525180132415)
(2, 1.386653631938219)
(3, 1.4022473833338895)
(2, 1.383188061806434)
(2, 1.3814694044272318)
(1, 1.3900414844088913)
(2, 1.3789513075114574)
(1, 1.392118537055504)
(0, 1.395352245773145)
(4, 1.398337206917789)
(3, 1.3998064559557548)
(0, 1.3832697649009917)
(1, 1.4026830906059542)
(4, 1.4113818197761339)
(4, 1.3972659371807143)
(1, 1.3732615787552012)
(3, 1.4004970945009056)
(3, 1.396189262564931)
(4, 1.3817564299194736)
(1, 1.410432978538253)
(3, 1.4057690994572771)
(1, 1.4009031272798287)
(4, 1.4019652415121202)
(3, 1.3792196830465873)
(2, 1.37007510446826)
(0, 1.4061631542154143)
(2, 1.3762578861860477)
(4, 1.404483492439328)
(1, 1.4041501391747657)
(1, 1.37731302441773)
(4, 1.3480024693616774)
(2, 1.3864285150213507)
(4, 1.4072939413381698)
(3, 1.4113172831598793)
(4, 1.4063270710982656)
(4, 1.3287312677063565)
(0, 1.4073667450159062)
(3, 1.3980409327858319)
(2, 1.3992061904620159)
(3, 1.4122878155181415)
(0, 1.4052538698217911)
(2, 1.4057819112784948)
(2, 1.3794791203325494)
(0, 1.4079591652599421)
(3, 1.3975238092866982)
(1, 1.3869919080176132)
(1, 1.3597196042228097)
(1, 1.3947845991349495)
(4, 1.4004319051380585)
(0, 1.4016994470836674)
(1, 1.39219370764984)
(1, 1.4085190700832795)
(1, 1.4061265607796047)
(0, 1.3956834458387732)
(4, 1.3960995130830713)
(4, 1.3996866750939638)
(4, 1.4090664856376351)
(3, 1.4031451369627261)
